1 1590512 1
1 1886462 1
1 6187776 1
1 8065070 1
1 9223620 1
1 9589428 1
1 9717672 1
1 10448074 1
1 10571030 1
1 11709693 1
1 12278921 1
1 12609584 1
1 15110836 1
1 15679072 1
1 16127129 1
1 16502558 1
1 17487828 1
1 17724232 1
1 19860468 1
1 20538440 1
1 20940134 1
1 21724234 1
1 21780665 1
1 21877456 1
1 22366524 1
1 22375396 1
1 23026303 1
1 23107392 1
1 23430078 1
1 23446216 1
1 23703944 1
1 24195060 1
1 25062409 1
1 25070120 1
1 25236116 1
1 25293388 1
1 26380504 1
1 26397084 1
1 26408300 1
1 26635098 1
1 26814062 1
1 26835156 1
1 26925601 1
1 27004169 1
1 27831342 1
1 28439350 1
1 28499516 1
1 28678716 1
1 29045760 1
1 29610160 1
1 30663842 1
1 31360928 1
1 31573896 1
1 32246642 1
1 32811280 1
1 33511314 1
1 34844807 1
1 36253592 1
1 36678702 1
1 37889669 1
1 38731222 1
1 38774742 1
1 38776035 1
1 39381374 1
1 39624474 1
1 39662504 1
1 40177501 1
1 41342616 1
1 41405382 1
1 41414410 1
1 41958940 1
1 43990676 1
1 45296942 1
1 45656894 1
1 46002822 1
1 46536296 1
1 46624118 1
1 46645197 1
1 46908408 1
1 47707388 1
1 51769798 1
1 51895786 1
1 52041441 1
1 52998567 1
1 53033888 1
1 53079680 1
1 56968714 1
1 59350306 1
1 59365264 1
1 59395406 1
1 59485914 1
1 59528810 1
1 61704131 1
1 68171886 1
1 68179298 1
1 68215346 1
1 68225833 1
1 68355600 1
1 68512336 1
1 70507696 1
1 71141353 1
1 71251240 1
1 76620388 1
1 84831658 1
1 86861784 1
1 87254453 1
1 88299088 1
1 90190532 1
1 90344892 1
1 90439311 1
1 92021052 1
1 92021945 1
1 92228862 1
1 92925596 1
1 93388190 1
1 93416904 1
1 93491448 1
1 94127898 1
1 100065470 1
1 100274406 1
1 101702034 1
1 101723678 1
1 101728301 1
1 109373390 1
1 109627263 1
1 110407280 1
1 110460850 1
1 113257640 1
1 113431476 1
1 113753088 1
1 113760960 1
1 114414640 1
1 116519155 1
1 117225663 1
1 117235030 1
1 117389082 1
1 117594244 1
1 117636232 1
1 118251304 1
1 118727817 1
1 119506514 1
1 120402349 1
1 145029704 1
1 145039622 1
1 145139585 1
1 145542967 1
1 145557052 1
1 146697040 1
1 149878292 1
1 150254086 1
1 150518240 1
1 150577164 1
1 150722324 1
1 151712448 1
1 151803409 1
1 153510897 1
1 154832928 1
1 154858977 1
1 155077564 1
1 155973488 1
1 155995848 1
1 156494202 1
1 156725346 1
1 157076512 1
1 157117850 1
1 157337034 1
1 158119764 1
1 158742164 1
1 159880532 1
1 160408142 1
1 160430668 1
1 160545174 1
1 160548838 1
1 160737810 1
1 161276628 1
1 162366622 1
1 166674782 1
1 167028483 1
1 167416924 1
1 167496062 1
1 167533652 1
1 168256598 1
1 173238980 1
1 176848606 1
1 179016634 1
1 179520580 1
1 179784392 1
1 181039986 1
1 181070910 1
1 181122346 1
1 182113480 1
1 182328831 1
1 182585529 1
1 183549692 1
1 183958474 1
1 183962494 1
1 184000398 1
1 185991418 1
1 191858271 1
1 192092890 1
1 194626864 1
1 195872338 1
1 198632124 1
1 199901332 1
1 200123518 1
1 200607373 1
1 200611982 1
1 201551730 1
1 202033782 1
1 202132010 1
1 203236891 1
1 203296730 1
1 203456945 1
1 203651518 1
1 204435101 1
1 204733148 1
1 205139919 1
1 206660968 1
1 206664188 1
1 206674674 1
1 206748910 1
1 206846140 1
1 207178363 1
1 207376146 1
1 207378804 1
1 207414845 1
1 207483253 1
1 207627995 1
1 207822784 1
1 207865568 1
1 208399942 1
1 209822866 1
1 210058142 1
1 211545968 1
1 211786746 1
1 211896126 1
1 212379406 1
1 212407958 1
1 214997166 1
1 221209109 1
1 221213342 1
1 221219712 1
1 224268178 1
1 224393064 1
1 224697831 1
1 225623667 1
1 226084784 1
1 226217116 1
1 226538054 1
1 226714867 1
1 226941336 1
1 227063759 1
1 227523620 1
1 227532052 1
1 227545048 1
1 227557078 1
1 227567086 1
1 229485704 1
1 229889702 1
1 230263022 1
1 231201637 1
1 231347536 1
1 231629742 1
1 233654540 1
1 233679493 1
1 234569458 1
1 234631290 1
1 234680778 1
1 234760446 1
1 235120180 1
1 236534034 1
1 241695132 1
1 241860240 1
1 241937524 1
1 244462843 1
1 245082353 1
1 246274988 1
1 246329726 1
1 248009057 1
1 248018658 1
1 248069949 1
2 8785232 1
2 9068087 1
2 9125287 1
2 9705748 1
2 9910688 1
2 11544066 1
2 12108470 1
2 12317873 1
2 12633594 1
2 14775254 1
2 20707096 1
2 20776652 1
2 21510670 1
2 24476382 1
2 24684854 1
2 27185022 1
2 27230366 1
2 27286192 1
2 27719400 1
2 27886776 1
2 27929147 1
2 29104513 1
2 29353494 1
2 30490300 1
2 32817219 1
2 33245246 1
2 33701524 1
2 37384046 1
2 37749327 1
2 38373874 1
2 38713562 1
2 38852248 1
2 42369110 1
2 43144858 1
2 43411848 1
2 43521210 1
2 43654076 1
2 44314840 1
2 46452156 1
2 47041556 1
2 47099300 1
2 47436196 1
2 47453366 1
2 55318054 1
2 55346944 1
2 55361216 1
2 55366082 1
2 55384790 1
2 55687160 1
2 56346041 1
2 58840664 1
2 62515333 1
2 64291498 1
2 65082197 1
2 66046266 1
2 68647566 1
2 68662261 1
2 68791593 1
2 69059342 1
2 69077086 1
2 69852372 1
2 70237433 1
2 70298148 1
2 70944814 1
2 74540903 1
2 74801261 1
2 78774124 1
2 80306574 1
2 80381746 1
2 85154268 1
2 85655822 1
2 85673272 1
2 88550267 1
2 88664946 1
2 96658472 1
2 97151966 1
2 101541222 1
2 101824175 1
2 101848582 1
2 103035208 1
2 104079272 1
2 104144110 1
2 106258037 1
2 106338730 1
2 106627446 1
2 111449034 1
2 111452564 1
2 112383726 1
2 113385090 1
2 113441630 1
2 113465354 1
2 114647930 1
2 119479584 1
2 119808099 1
2 120990056 1
2 121672605 1
2 122454938 1
2 135808384 1
2 143451108 1
2 144987818 1
2 145128636 1
2 145339814 1
2 145353540 1
2 145418636 1
2 145700812 1
2 152159355 1
2 152623568 1
2 152673028 1
2 158756028 1
2 158763564 1
2 159070735 1
2 159182384 1
2 161993460 1
2 162029830 1
2 163175214 1
2 168802122 1
2 168819662 1
2 169542516 1
2 169868890 1
2 169929263 1
2 170725430 1
2 171012141 1
2 171063410 1
2 171093144 1
2 172067420 1
2 172101375 1
2 172886794 1
2 173955663 1
2 174904568 1
2 176762306 1
2 176884527 1
2 178030257 1
2 178596238 1
2 178837690 1
2 179140471 1
2 181420316 1
2 183501571 1
2 187793010 1
2 189472236 1
2 190370902 1
2 190382566 1
2 191136894 1
2 192430668 1
2 192485162 1
2 196437374 1
2 196502050 1
2 198758903 1
2 199236901 1
2 201273333 1
2 201659972 1
2 201995660 1
2 202123330 1
2 203815472 1
2 204193438 1
2 205319006 1
2 205403502 1
2 205936000 1
2 208199612 1
2 208217983 1
2 208281946 1
2 208666096 1
2 208675730 1
2 216134480 1
2 216369438 1
2 216636674 1
2 216698543 1
2 217630794 1
2 217657167 1
2 220298919 1
2 220324454 1
2 220387116 1
2 232507632 1
2 234238298 1
2 234240412 1
2 236342748 1
2 239310580 1
2 239542428 1
2 240179724 1
2 240186608 1
2 242744415 1
3 3151922 1
3 4266886 1
3 4382432 1
3 4516620 1
3 4588566 1
3 5044244 1
3 5124096 1
3 5483983 1
3 5562124 1
3 5605596 1
3 10215737 1
3 11330405 1
3 11550892 1
3 12234037 1
3 13058132 1
3 13126911 1
3 13932280 1
3 14166324 1
3 14889630 1
3 15316720 1
3 17193399 1
3 17812870 1
3 19973590 1
3 20946716 1
3 23982592 1
3 24227320 1
3 24393822 1
3 24561458 1
3 32619387 1
3 33943262 1
3 36950014 1
3 36954215 1
3 37271470 1
3 38191330 1
3 41159070 1
3 41309898 1
3 41741868 1
3 41747564 1
3 42221225 1
3 42725632 1
3 45083363 1
3 45085398 1
3 46442003 1
3 46591048 1
3 47058833 1
3 47266974 1
3 47563943 1
3 48514619 1
3 48779978 1
3 49170935 1
3 49962299 1
3 51533831 1
3 52162406 1
3 53391586 1
3 53880270 1
3 57369366 1
3 57432303 1
3 57945320 1
3 58984832 1
3 65590383 1
3 67062296 1
3 71276493 1
3 71450594 1
3 71829142 1
3 71976978 1
3 72263669 1
3 72334609 1
3 72572766 1
3 87856212 1
3 93692447 1
3 97629972 1
3 98272586 1
3 98594558 1
3 99542640 1
3 101251510 1
3 101659578 1
3 107818874 1
3 107822674 1
3 107827796 1
3 110247696 1
3 112384236 1
3 112530786 1
3 113775598 1
3 115758448 1
3 118657369 1
3 119278351 1
3 119514500 1
3 120361476 1
3 120397486 1
3 122043966 1
3 122296722 1
3 124595354 1
3 125152664 1
3 126076086 1
3 126259906 1
3 126292540 1
3 127457431 1
3 128304328 1
3 129117936 1
3 129180684 1
3 129316232 1
3 130791257 1
3 132878585 1
3 133291686 1
3 133467287 1
3 136335678 1
3 138617590 1
3 138921290 1
3 139058968 1
3 139956261 1
3 141056152 1
3 141072872 1
3 141568454 1
3 142648813 1
3 150088193 1
3 150421854 1
3 150447752 1
3 150451440 1
3 151554996 1
3 151589447 1
3 152374410 1
3 152686602 1
3 153011284 1
3 154736880 1
3 154988616 1
3 155581150 1
3 156192790 1
3 156209006 1
3 156506152 1
3 156530664 1
3 156825608 1
3 156833664 1
3 160111766 1
3 167883470 1
3 169380523 1
3 170435597 1
3 170458724 1
3 170478203 1
3 171678996 1
3 176638578 1
3 177056646 1
3 177332992 1
3 178866276 1
3 180589984 1
3 183075480 1
3 184460081 1
3 185529928 1
3 185678074 1
3 185960298 1
3 186598454 1
3 186620491 1
3 186819609 1
3 187704634 1
3 193560811 1
3 193569820 1
3 193615379 1
3 193639944 1
3 193646890 1
3 193801224 1
3 193807595 1
3 193816466 1
3 193912401 1
3 194724114 1
3 194834138 1
3 194862097 1
3 194869111 1
3 194915730 1
3 195311282 1
3 195648280 1
3 195837614 1
3 195849616 1
3 195908748 1
3 196239222 1
3 197071195 1
3 197319510 1
4 640522 1
4 974812 1
4 1885094 1
4 2066446 1
4 3401578 1
4 6754182 1
4 6918959 1
4 10199954 1
4 10202945 1
4 10327979 1
4 10388014 1
4 13400989 1
4 15151544 1
4 15155528 1
4 15528900 1
4 20514358 1
4 25292612 1
4 27351983 1
4 38384646 1
4 38525515 1
4 38607586 1
4 38622998 1
4 38754906 1
4 39027248 1
4 46084150 1
4 48205926 1
4 48214238 1
4 53458796 1
4 55252342 1
4 55407976 1
4 55414138 1
4 57594886 1
4 68579514 1
4 71587662 1
4 71768546 1
4 74266176 1
4 74316352 1
4 75196982 1
4 75579664 1
4 75584993 1
4 77693991 1
4 79537174 1
4 79628492 1
4 79688782 1
4 81047624 1
4 81056746 1
4 81154549 1
4 81174733 1
4 82392924 1
4 82729504 1
4 83941408 1
4 86647310 1
4 87011279 1
4 89930926 1
4 89978251 1
4 95331875 1
4 99885122 1
4 99909108 1
4 107290602 1
4 109894306 1
4 110095748 1
4 123583530 1
4 123621664 1
4 123679492 1
4 123681104 1
4 123697038 1
4 124270520 1
4 124318231 1
4 124365564 1
4 127837808 1
4 129349396 1
4 129522698 1
4 130017538 1
4 139832153 1
4 140478493 1
4 144265818 1
4 144825924 1
4 147155142 1
4 147156782 1
4 148374888 1
4 148763986 1
4 151240172 1
4 152329984 1
4 153494005 1
4 153584648 1
4 154331131 1
4 155534020 1
4 159526623 1
4 159969073 1
4 166663981 1
4 169937026 1
4 172568446 1
4 173973170 1
4 174448122 1
4 174507304 1
4 175443947 1
4 175459502 1
4 175593692 1
4 178829178 1
4 183932649 1
4 184328472 1
4 185264929 1
4 185307730 1
4 185606006 1
4 185734428 1
4 185736475 1
4 186279217 1
4 186932188 1
4 187422438 1
4 187750984 1
4 188736340 1
5 8012806 1
5 10318330 1
5 10589215 1
5 10590692 1
5 10734674 1
5 12615568 1
5 14143487 1
5 14264935 1
5 14380236 1
5 14810197 1
5 16577518 1
5 18800279 1
5 29984790 1
5 29993700 1
5 32207278 1
5 32211360 1
5 34524396 1
5 34526034 1
5 34587905 1
5 34699916 1
5 36725057 1
5 38290544 1
5 38846008 1
5 39137981 1
5 41891169 1
5 42858745 1
5 42876282 1
5 43368664 1
5 43402356 1
5 43773084 1
5 54081927 1
5 54456913 1
5 55412742 1
5 55737473 1
5 56871889 1
5 57367628 1
5 60116600 1
5 60274410 1
5 61573168 1
5 64374300 1
5 67702760 1
5 67994244 1
5 71183550 1
5 71462470 1
5 71836954 1
5 71857650 1
5 71884036 1
5 71893312 1
5 72484864 1
5 72485950 1
5 72744444 1
5 75751875 1
5 75916212 1
5 77822084 1
5 77823083 1
5 77893415 1
5 77974213 1
5 78429922 1
5 78843018 1
5 79097136 1
5 80374768 1
5 81069732 1
5 81075076 1
5 86375444 1
5 88220078 1
5 88424018 1
5 88429143 1
5 88692544 1
5 89844201 1
5 90562321 1
5 95059405 1
5 96143706 1
5 98369108 1
5 99982690 1
5 100237684 1
5 101631912 1
5 102445082 1
5 104929178 1
5 108071694 1
5 108754801 1
5 108898015 1
5 108941982 1
5 110409128 1
5 110866200 1
5 111884202 1
5 112030673 1
5 112078301 1
5 119593970 1
5 122372124 1
5 122790414 1
5 123964840 1
5 123991823 1
5 123998112 1
5 125785952 1
5 125844985 1
5 126083882 1
5 126094294 1
5 130233392 1
5 131651208 1
5 132316990 1
5 133268722 1
5 134434918 1
5 134475904 1
5 134509617 1
5 134527117 1
5 134769720 1
5 137331282 1
5 141404626 1
5 141475168 1
5 141628812 1
5 141825484 1
5 148019248 1
5 148185910 1
5 148442337 1
5 148828164 1
5 148835823 1
5 148865876 1
5 148941402 1
5 149082868 1
5 149330995 1
5 149838736 1
5 153652619 1
5 153753552 1
5 154230116 1
5 156971590 1
5 157376005 1
5 158657875 1
5 162711035 1
5 162806897 1
5 163772850 1
5 169078308 1
5 169095632 1
5 169734775 1
5 170921986 1
5 171605552 1
5 171788830 1
5 172192322 1
5 173098320 1
5 173266534 1
5 173287447 1
5 173305520 1
5 173397021 1
5 174622902 1
5 176147910 1
5 176513234 1
5 176847790 1
5 177505526 1
5 177982205 1
5 180588848 1
5 180595218 1
5 180644445 1
6 341457 1
6 2849328 1
6 3338928 1
6 3391164 1
6 3407062 1
6 3443390 1
6 4323201 1
6 4382726 1
6 4648082 1
6 4688642 1
6 5270862 1
6 6712871 1
6 6873398 1
6 6886475 1
6 6976074 1
6 10383784 1
6 10583960 1
6 11233085 1
6 11901522 1
6 11978847 1
6 13303168 1
6 13733686 1
6 14110394 1
6 14450006 1
6 14705888 1
6 14797828 1
6 15081646 1
6 15576152 1
6 15896832 1
6 15995684 1
6 16098312 1
6 16215956 1
6 16320514 1
6 17511212 1
6 20204534 1
6 20267684 1
6 21997376 1
6 22043800 1
6 25699134 1
6 26478853 1
6 27526308 1
6 27847681 1
6 28706106 1
6 28984517 1
6 29617724 1
6 30781688 1
6 30796314 1
6 31644892 1
6 32049228 1
6 34168520 1
6 34624889 1
6 35145128 1
6 36547708 1
6 37094161 1
6 37096349 1
6 37190293 1
6 37212887 1
6 37679419 1
6 41169072 1
6 41786551 1
6 41814576 1
6 42007386 1
6 43082392 1
6 43811208 1
6 44160510 1
6 44174808 1
6 45407324 1
6 46405582 1
6 47388434 1
6 49633174 1
6 49634742 1
6 49700683 1
6 50924366 1
6 51028156 1
6 52184097 1
6 52217303 1
6 52348180 1
6 52463308 1
6 52500014 1
6 53438310 1
6 53480776 1
6 69450966 1
6 70873884 1
6 71098652 1
6 80178512 1
6 80960142 1
6 82957478 1
6 85478798 1
6 88466334 1
6 89782946 1
6 90778386 1
6 91079215 1
6 91176414 1
6 91188970 1
6 91212814 1
6 97497523 1
6 100023630 1
6 104848900 1
6 104852338 1
6 105389796 1
6 105405474 1
6 106263116 1
6 106280412 1
6 106546354 1
6 106574162 1
6 106967612 1
6 108169752 1
6 108682802 1
6 109059519 1
6 109561354 1
6 109661559 1
6 109671099 1
6 109812662 1
6 112115109 1
6 112460582 1
6 114242406 1
6 116833208 1
6 123034058 1
6 123673580 1
6 123950850 1
6 125475704 1
6 125919822 1
6 126432954 1
6 127741970 1
6 134351162 1
6 134758026 1
6 135555144 1
6 135645477 1
6 136547636 1
6 136555800 1
6 136742306 1
6 137058962 1
6 137112966 1
6 138071269 1
6 138138510 1
6 138145347 1
6 138276280 1
6 139764842 1
6 139768456 1
6 139818524 1
6 139852694 1
6 139868252 1
6 139969708 1
6 140262288 1
6 142351258 1
6 144904498 1
6 146070964 1
6 147092170 1
6 147271646 1
6 148851737 1
6 149440368 1
6 149568663 1
6 150507633 1
6 150542185 1
6 150623528 1
6 150641772 1
6 154914212 1
6 154934560 1
6 157877322 1
6 158178264 1
6 158179819 1
6 158184132 1
6 159256933 1
6 160721308 1
6 163602412 1
6 164007206 1
6 164092777 1
6 164758656 1
6 166700522 1
6 168225948 1
6 168673318 1
6 168674555 1
7 855849 1
7 962980 1
7 1560318 1
7 1688262 1
7 2491638 1
7 2611994 1
7 2772875 1
7 4671544 1
7 7139760 1
7 7144198 1
7 8791332 1
7 10125054 1
7 12613126 1
7 12778172 1
7 13001770 1
7 13106987 1
7 16473350 1
7 16524381 1
7 16793966 1
7 20278537 1
7 20341294 1
7 22196062 1
7 22214032 1
7 22603242 1
7 22706252 1
7 22721448 1
7 22766088 1
7 24964435 1
7 25980288 1
7 26660080 1
7 27717896 1
7 29833360 1
7 37394629 1
7 40386426 1
7 43144464 1
7 43288824 1
7 43612276 1
7 47258366 1
7 50267724 1
7 50346484 1
7 55201711 1
7 55446998 1
7 62529022 1
7 63924369 1
7 65571222 1
7 66691740 1
7 73208111 1
7 73266074 1
7 75226250 1
7 75401514 1
7 75821168 1
7 76012618 1
7 76751369 1
7 77824896 1
7 80836813 1
7 80838653 1
7 86849152 1
7 87814241 1
7 88388775 1
7 92643939 1
7 92747396 1
7 93221708 1
7 94286912 1
7 95932643 1
7 96756374 1
7 98048302 1
7 98928464 1
7 99556635 1
7 99774984 1
7 101387067 1
7 103450672 1
7 103621534 1
7 105226779 1
7 105846226 1
7 106007885 1
7 106065550 1
7 106121721 1
7 106203697 1
7 106209756 1
7 106239358 1
7 106320014 1
7 106454392 1
7 106669790 1
7 107653166 1
7 107731590 1
7 116057732 1
7 116364611 1
7 119605082 1
7 123264766 1
7 125245270 1
7 125292284 1
7 127463338 1
7 127903580 1
7 128019005 1
7 128077961 1
7 128750792 1
7 129338822 1
7 130032520 1
7 130697522 1
7 134832779 1
7 134923036 1
7 135457276 1
7 136009206 1
7 137687604 1
7 139373048 1
7 139477128 1
7 139900134 1
7 140104379 1
7 143042828 1
7 143646040 1
7 144539742 1
7 147889030 1
7 150130762 1
7 150382958 1
7 151145750 1
7 151623084 1
7 158533628 1
8 581272 1
8 2075917 1
8 2743574 1
8 6625252 1
8 6664464 1
8 8146946 1
8 8800227 1
8 10657412 1
8 10862650 1
8 11314860 1
8 11754871 1
8 12900982 1
8 12973816 1
8 13065359 1
8 13069012 1
8 15431121 1
8 15493788 1
8 17767786 1
8 18057132 1
8 23341604 1
8 23374573 1
8 27456208 1
8 30775816 1
8 33330020 1
8 37679560 1
8 38731178 1
8 38794530 1
8 41702666 1
8 48572374 1
8 50038148 1
8 50139394 1
8 50160036 1
8 50164170 1
8 50314166 1
8 54605764 1
8 56670294 1
8 56756808 1
8 56765307 1
8 56826398 1
8 60964388 1
8 61990784 1
8 62679740 1
8 73045228 1
8 73046697 1
8 73884733 1
8 80932898 1
8 91179966 1
8 91592600 1
8 91986635 1
8 92210282 1
8 94039423 1
8 94238556 1
8 94577876 1
8 96103060 1
8 96113414 1
8 96236114 1
8 97431947 1
8 97538268 1
8 98226962 1
8 99395166 1
8 99553144 1
8 101408354 1
8 101422469 1
8 101998651 1
8 102061144 1
8 102092954 1
8 103120252 1
8 103597710 1
8 103759062 1
8 106091218 1
8 106416154 1
8 106645804 1
8 106988234 1
8 107072424 1
8 108354087 1
8 110424378 1
8 116441342 1
8 116464242 1
8 116695230 1
8 116711364 1
8 117774460 1
8 123706605 1
8 124191696 1
8 124635011 1
8 124934595 1
8 125672718 1
8 125860604 1
8 126459488 1
8 127314897 1
8 128911186 1
8 129162348 1
8 129339354 1
8 130586141 1
8 130710078 1
8 131540712 1
8 131685074 1
8 141468476 1
8 141656112 1
8 144043129 1
8 144302575 1
8 144318164 1
8 144536970 1
9 238192 1
9 251251 1
9 967904 1
9 2621430 1
9 3509075 1
9 5450196 1
9 6566590 1
9 12775952 1
9 14314705 1
9 14525419 1
9 14993056 1
9 15330245 1
9 15386467 1
9 19161938 1
9 19414291 1
9 32943050 1
9 33186656 1
9 33427156 1
9 33749304 1
9 35111820 1
9 35914742 1
9 35919877 1
9 38200324 1
9 71258942 1
9 71594793 1
9 71635314 1
9 72421349 1
9 74357472 1
9 75194737 1
9 75564624 1
9 75708787 1
9 75972867 1
9 82226450 1
9 88356644 1
9 90133966 1
9 90327124 1
9 90524572 1
9 91396800 1
9 94707808 1
9 95826896 1
9 97041098 1
9 97241520 1
9 100499838 1
9 100705926 1
9 100796974 1
9 101003015 1
9 101397300 1
9 101649359 1
9 104296002 1
9 107730646 1
9 108061856 1
9 110514257 1
9 110523208 1
9 111885848 1
9 114942964 1
9 114957444 1
9 116106300 1
9 116123896 1
9 119065934 1
9 119070542 1
9 119158009 1
9 123446797 1
9 123682577 1
9 124049066 1
9 124320402 1
9 125164738 1
9 125342290 1
9 126059742 1
9 126418413 1
9 127068900 1
9 127358390 1
9 127421128 1
9 127422786 1
9 128239589 1
9 129525820 1
9 130503439 1
9 132009104 1
9 132083176 1
9 132552614 1
9 132912158 1
9 133321129 1
9 133887308 1
9 134180468 1
9 136144610 1
9 137107750 1
9 138021912 1
9 138999496 1
9 139123902 1
9 140057738 1
9 140376882 1
9 140386356 1
10 2249855 1
10 3028178 1
10 3215908 1
10 3807490 1
10 3894350 1
10 3936864 1
10 3985161 1
10 4983806 1
10 5121270 1
10 5359900 1
10 7294263 1
10 7451684 1
10 8125564 1
10 11682253 1
10 11755124 1
10 11917414 1
10 12096026 1
10 12687636 1
10 13854976 1
10 14082732 1
10 15387162 1
10 15851716 1
10 15885883 1
10 17038402 1
10 17119387 1
10 17333511 1
10 18241172 1
10 21474126 1
10 21625842 1
10 22376074 1
10 22658409 1
10 22920950 1
10 23794820 1
10 25161964 1
10 25186465 1
10 25189546 1
10 25247776 1
10 25349163 1
10 27817379 1
10 29115212 1
10 29408501 1
10 30707788 1
10 30782990 1
10 30831640 1
10 32252182 1
10 32266473 1
10 33261076 1
10 35103609 1
10 43141646 1
10 43782910 1
10 43913822 1
10 45480770 1
10 45775753 1
10 45871686 1
10 47588818 1
10 48402417 1
10 50425798 1
10 60454551 1
10 62065236 1
10 63517677 1
10 63544301 1
10 63572105 1
10 63590515 1
10 66282898 1
10 70354280 1
10 70817500 1
10 70989231 1
10 71029723 1
10 72355910 1
10 72362957 1
10 72379066 1
10 72421746 1
10 72557796 1
10 73373328 1
10 73473470 1
10 73620454 1
10 73680814 1
10 74004538 1
10 75654434 1
10 76808680 1
10 77036174 1
10 79697034 1
10 79699550 1
10 80780044 1
10 80782538 1
10 80938607 1
10 81091742 1
10 81838727 1
10 82529723 1
10 86039696 1
10 91087890 1
10 92560298 1
10 93348574 1
10 93368485 1
10 93377174 1
10 93432193 1
10 97084418 1
10 97253318 1
10 99093644 1
10 100020004 1
10 100221010 1
10 100670386 1
10 102802930 1
10 103296010 1
10 104520542 1
10 104748820 1
10 104957441 1
10 105881438 1
10 106109760 1
10 108757660 1
10 112201798 1
10 112295942 1
10 112525218 1
10 112533998 1
10 115317660 1
10 116653354 1
10 119171524 1
10 119522178 1
10 120264228 1
10 121446590 1
10 122683983 1
10 122702668 1
10 124768388 1
10 130397996 1
10 133815508 1
10 134332432 1
11 2912917 1
11 3253145 1
11 4203490 1
11 5646171 1
11 6656883 1
11 6749862 1
11 6766962 1
11 7621768 1
11 8114168 1
11 8848280 1
11 9587974 1
11 9738468 1
11 10738468 1
11 12664250 1
11 12850152 1
11 13950496 1
11 14436738 1
11 14678950 1
11 16302264 1
11 16398822 1
11 16403570 1
11 18690360 1
11 18713508 1
11 19997467 1
11 20140812 1
11 32396119 1
11 33934298 1
11 34273341 1
11 34607432 1
11 34779985 1
11 34851988 1
11 35601476 1
11 36124211 1
11 36616040 1
11 38740224 1
11 43984132 1
11 45856098 1
11 46244176 1
11 46278204 1
11 46340394 1
11 47883343 1
11 47885555 1
11 48008040 1
11 48083022 1
11 57010118 1
11 57333824 1
11 59625279 1
11 59728232 1
11 59824007 1
11 61110063 1
11 61687010 1
11 61769274 1
11 62225827 1
11 62235152 1
11 62269542 1
11 62275952 1
11 63335160 1
11 63570668 1
11 64323350 1
11 64333916 1
11 64377218 1
11 64757848 1
11 64766306 1
11 65494080 1
11 65708968 1
11 66079960 1
11 66096071 1
11 66774198 1
11 67368196 1
11 68638038 1
11 69796872 1
11 69816578 1
11 70066358 1
11 72873708 1
11 73348540 1
11 73882318 1
11 74173232 1
11 75245784 1
11 75863510 1
11 76413397 1
11 76446884 1
11 76628137 1
11 78061635 1
11 85566074 1
11 85872997 1
11 86230590 1
11 86235358 1
11 86636066 1
11 86649539 1
11 88154090 1
11 91526081 1
11 93722398 1
11 95070698 1
11 95385388 1
11 95466973 1
11 95948876 1
11 96062446 1
11 96669622 1
11 101000370 1
11 109765112 1
11 109811718 1
11 109817287 1
11 109947450 1
11 111859786 1
11 113061124 1
11 113420808 1
11 113552236 1
11 116664524 1
11 117924119 1
11 118016534 1
11 118187607 1
11 118795356 1
11 118799974 1
11 119465696 1
11 123950920 1
12 308766 1
12 498446 1
12 719636 1
12 776372 1
12 831757 1
12 5833035 1
12 6277102 1
12 6405494 1
12 6477372 1
12 6481918 1
12 7281847 1
12 7446355 1
12 7708530 1
12 8059694 1
12 8113078 1
12 8309629 1
12 8850360 1
12 9947480 1
12 10021978 1
12 10268205 1
12 10770870 1
12 10826592 1
12 14410975 1
12 14437081 1
12 14520272 1
12 18977432 1
12 21928156 1
12 22145913 1
12 23576500 1
12 23884361 1
12 24040250 1
12 27106536 1
12 28005574 1
12 29373959 1
12 29588488 1
12 31805030 1
12 32532504 1
12 43837534 1
12 45342650 1
12 45344650 1
12 45667783 1
12 46272902 1
12 46867680 1
12 48569834 1
12 48606861 1
12 49731466 1
12 50464605 1
12 50745300 1
12 51463992 1
12 51984745 1
12 52306296 1
12 52366732 1
12 53056158 1
12 53183958 1
12 53229779 1
12 53605656 1
12 54343236 1
12 54381670 1
12 54891935 1
12 55378826 1
12 56770932 1
12 57089769 1
12 57382116 1
12 57713474 1
12 60537892 1
12 60542036 1
12 65959900 1
12 66016053 1
12 67277228 1
12 67279176 1
12 68630718 1
12 68764218 1
12 68856369 1
12 69567498 1
12 70446932 1
12 70489172 1
12 71148102 1
12 71693567 1
12 71695313 1
12 72424893 1
12 73389898 1
12 76100334 1
12 77175466 1
12 77459562 1
12 83409925 1
12 83567152 1
12 89766848 1
12 89888532 1
12 92628496 1
12 93481291 1
12 93637857 1
12 93729846 1
12 94493932 1
12 94495747 1
12 94602032 1
12 95597025 1
12 98884969 1
12 99148228 1
12 102872944 1
12 104253118 1
12 104879492 1
12 104888428 1
12 104998240 1
12 106682703 1
12 108054413 1
12 109138226 1
12 110433960 1
12 112074260 1
12 112560924 1
12 113022305 1
12 113683826 1
12 114050061 1
12 114211518 1
12 116720442 1
12 116792984 1
12 116823296 1
12 116985799 1
12 117244671 1
12 120672866 1
12 122019055 1
12 122057948 1
12 122764560 1
12 122891288 1
12 123574520 1
12 125090733 1
12 125200276 1
12 125211976 1
12 131310635 1
12 131340196 1
12 131478620 1
12 131702864 1
12 132080076 1
12 132347602 1
12 132970333 1
12 133137582 1
13 22051170 1
13 22583852 1
13 25954116 1
13 27056839 1
13 28930462 1
13 29149132 1
13 30029296 1
13 31287187 1
13 34117104 1
13 42833756 1
13 45630484 1
13 45896544 1
13 45989056 1
13 48478510 1
13 49440563 1
13 49975435 1
13 50181186 1
13 50216206 1
13 50414514 1
13 50510429 1
13 51086640 1
13 60788566 1
13 68067894 1
13 69585012 1
13 75494578 1
13 76559436 1
13 80933900 1
13 95085888 1
13 95315192 1
13 96090411 1
13 96132539 1
13 99706289 1
13 101046641 1
13 108565446 1
13 108594629 1
13 109148390 1
13 109226128 1
13 109387035 1
13 111159461 1
13 111188778 1
13 113870876 1
13 114566485 1
13 114944564 1
14 20730815 1
14 21270661 1
14 21575466 1
14 21660206 1
14 22802513 1
14 22806556 1
14 23058486 1
14 23292082 1
14 23630262 1
14 23815548 1
14 25454316 1
14 31512859 1
14 32800470 1
14 34281616 1
14 34433844 1
14 34801562 1
14 35805962 1
14 35821595 1
14 35855702 1
14 35860215 1
14 36754692 1
14 51393925 1
14 53013762 1
14 55967328 1
14 58638068 1
14 58706112 1
14 59548518 1
14 62004452 1
14 64746841 1
14 65308576 1
14 65510526 1
14 65710769 1
14 65895276 1
14 68283208 1
14 68950750 1
14 68953080 1
14 69186932 1
14 70047039 1
14 70168610 1
14 74718234 1
14 75083820 1
14 75750922 1
14 75761968 1
14 76448501 1
14 77239519 1
14 77510176 1
14 77880468 1
14 78074373 1
14 78227569 1
14 78380663 1
14 78390482 1
14 89478496 1
14 89882606 1
14 91869208 1
14 93252482 1
14 93460447 1
14 96087390 1
14 97093422 1
14 97297412 1
14 97543900 1
14 100481703 1
14 100688116 1
14 100690238 1
14 101072898 1
14 101111701 1
14 101144329 1
14 102562370 1
14 102592667 1
14 102771284 1
14 102983473 1
14 102997414 1
14 103111496 1
14 103244564 1
14 103727100 1
14 103844660 1
14 104410289 1
14 105048735 1
15 27331715 1
15 31657447 1
15 36720581 1
15 37110596 1
15 42894799 1
15 43387438 1
15 43733425 1
15 45028144 1
15 45929830 1
15 48872604 1
15 49189776 1
15 49731366 1
15 50839006 1
15 51169392 1
15 51330363 1
15 51964421 1
15 52089260 1
15 52298672 1
15 52305732 1
15 57107536 1
15 57622195 1
15 58039468 1
15 58400410 1
15 58403846 1
15 58785554 1
15 58844374 1
15 63402302 1
15 63506866 1
15 63637190 1
15 63654591 1
15 63655666 1
15 63816834 1
15 64278862 1
15 65187886 1
15 66155243 1
15 66981316 1
15 67318373 1
15 69264710 1
15 69310498 1
15 69673235 1
15 73767449 1
15 74682031 1
15 75382692 1
15 75445830 1
15 76124030 1
15 76304397 1
15 77861940 1
15 77892319 1
15 78026481 1
15 79297042 1
15 79471762 1
15 80346468 1
15 80609815 1
15 81558338 1
15 82243606 1
15 82360302 1
15 83240790 1
15 85268492 1
15 85278578 1
15 85478853 1
15 85510772 1
15 88153448 1
15 88296790 1
15 89526064 1
15 90303964 1
15 90326754 1
15 90578828 1
15 91114365 1
15 92013196 1
15 92022110 1
15 93160595 1
15 93277460 1
15 93347442 1
15 95739540 1
15 96597008 1
15 96879770 1
15 100468872 1
15 102156404 1
16 438435 1
16 892450 1
16 1593511 1
16 3854546 1
16 4322335 1
16 4466192 1
16 8233121 1
16 8623235 1
16 8962580 1
16 10417095 1
16 11194719 1
16 11199206 1
16 11223591 1
16 11691230 1
16 12083694 1
16 12678612 1
16 12706926 1
16 14221750 1
16 14596300 1
16 15583361 1
16 15657676 1
16 16923074 1
16 18995419 1
16 20930100 1
16 21312883 1
16 21538556 1
16 21623127 1
16 23741224 1
16 23963817 1
16 27119210 1
16 27246748 1
16 28550342 1
16 28957118 1
16 29796488 1
16 29888253 1
16 30503358 1
16 30856336 1
16 47813640 1
16 50262897 1
16 50423998 1
16 55344533 1
16 57300427 1
16 57642286 1
16 57850252 1
16 58011675 1
16 58688632 1
16 58889782 1
16 65804119 1
16 66510393 1
16 66638645 1
16 66907190 1
16 67850640 1
16 68992976 1
16 69430478 1
16 69438543 1
16 69510995 1
16 69556948 1
16 70666513 1
16 71924536 1
16 75059848 1
16 75625085 1
16 78462284 1
16 78777022 1
16 79446814 1
16 80012173 1
16 81256214 1
16 81877034 1
16 84300396 1
16 84457191 1
16 85356008 1
16 86701917 1
16 87814306 1
16 87905095 1
16 88340664 1
16 88905885 1
16 89086744 1
17 1225500 1
17 1227650 1
17 1454578 1
17 1666083 1
17 1992864 1
17 2878900 1
17 4004564 1
17 4959007 1
17 7452201 1
17 7531246 1
17 7538018 1
17 7909687 1
17 8323698 1
17 13923146 1
17 15140054 1
17 15394649 1
17 15555057 1
17 15862342 1
17 16420113 1
17 17825571 1
17 19976612 1
17 20988404 1
17 25572205 1
17 25690682 1
17 25856660 1
17 26284517 1
17 26312890 1
17 27198234 1
17 27505542 1
17 27994778 1
17 28049761 1
17 29295768 1
17 30454642 1
17 31221288 1
17 31224509 1
17 31237670 1
17 31289550 1
17 31319417 1
17 32238148 1
17 32710115 1
17 32714094 1
17 32726084 1
17 32740108 1
17 33867424 1
17 35207448 1
17 35790534 1
17 36188387 1
17 36666034 1
17 37171286 1
17 37174916 1
17 37288662 1
17 37482337 1
17 38096177 1
17 38705814 1
17 39662236 1
17 40089308 1
17 40559190 1
17 41081056 1
17 41920504 1
17 42613892 1
17 43306575 1
17 43419294 1
17 43509178 1
17 43763601 1
17 43817868 1
17 44026432 1
17 45369126 1
17 46318319 1
17 46470304 1
17 46555984 1
17 46564100 1
17 46590970 1
17 46724029 1
17 47319285 1
17 47329765 1
17 47467962 1
17 48255516 1
17 48498991 1
17 48961766 1
17 49210653 1
17 51739780 1
17 51826568 1
17 53398904 1
17 53426155 1
17 54428095 1
17 54864336 1
17 54876562 1
17 55146020 1
17 57367666 1
17 57500852 1
17 58179894 1
17 59235003 1
17 61538151 1
17 62188116 1
17 62293972 1
17 62569185 1
17 64339844 1
17 64490364 1
17 66025636 1
17 67009877 1
17 67043638 1
17 67138152 1
17 67167170 1
17 67853552 1
17 67943544 1
17 72286772 1
17 73444830 1
17 74176147 1
17 74537226 1
17 75124044 1
17 75159188 1
17 75369620 1
17 75461723 1
17 75883339 1
17 76243468 1
17 76976162 1
17 78475446 1
17 78765920 1
17 80657053 1
17 80712734 1
18 136578 1
18 966820 1
18 2855779 1
18 3148394 1
18 3512494 1
18 8891195 1
18 8948828 1
18 8970780 1
18 9000786 1
18 9005656 1
18 11857516 1
18 12640822 1
18 19690630 1
18 20065908 1
18 20840106 1
18 22819564 1
18 28259752 1
18 28571612 1
18 32684842 1
18 32906903 1
18 33058697 1
18 43267487 1
18 43779722 1
18 43802876 1
18 46066400 1
18 46340478 1
18 46400037 1
18 46451198 1
18 46459927 1
18 46524664 1
18 46599040 1
18 47088211 1
18 48366636 1
18 51765024 1
18 51788266 1
18 52473424 1
18 52540796 1
18 53029136 1
18 53649320 1
18 53650475 1
18 55297406 1
18 55448162 1
18 55513532 1
18 57549548 1
18 57584744 1
18 60118192 1
18 60864922 1
18 65085547 1
18 67624186 1
18 68048884 1
18 71807103 1
18 72004992 1
18 73967034 1
18 77018776 1
18 77280092 1
19 1325338 1
19 1682727 1
19 1887458 1
19 2035076 1
19 2085486 1
19 2264073 1
19 2611146 1
19 2621111 1
19 3022850 1
19 3070476 1
19 3073374 1
19 3133480 1
19 3733717 1
19 3990296 1
19 4590020 1
19 4633477 1
19 5370362 1
19 5987893 1
19 6060924 1
19 6639629 1
19 6697430 1
19 7220048 1
19 7559630 1
19 7577454 1
19 7717218 1
19 8420698 1
19 8799376 1
19 10975400 1
19 12655600 1
19 12662458 1
19 12894494 1
19 12978249 1
19 13507684 1
19 13510036 1
19 14172182 1
19 14495198 1
19 14895948 1
19 16936117 1
19 17657592 1
19 18215352 1
19 19080686 1
19 19486023 1
19 20163254 1
19 20188946 1
19 21106125 1
19 21776548 1
19 29055335 1
19 30137047 1
19 30142400 1
19 30178688 1
19 30336458 1
19 30385092 1
19 35454150 1
19 35701821 1
19 35716371 1
19 39047920 1
19 39174783 1
19 42082627 1
19 43820214 1
19 44100354 1
19 44284620 1
19 44455340 1
19 44556078 1
19 44576350 1
19 47137160 1
19 47816864 1
19 47818706 1
19 47840318 1
19 48610976 1
19 48928286 1
19 49017242 1
19 49264186 1
19 49284436 1
19 49395266 1
19 49912562 1
19 49939578 1
19 50016708 1
19 50204034 1
19 50213972 1
19 50773288 1
19 51105094 1
19 51111294 1
19 51244743 1
19 51324201 1
19 51626118 1
19 51728198 1
19 51884268 1
19 54024101 1
19 54392944 1
19 56061398 1
19 56321000 1
19 57901384 1
19 58089936 1
20 247450 1
20 562642 1
20 954755 1
20 1193372 1
20 1223410 1
20 2852938 1
20 4022500 1
20 4063980 1
20 6035897 1
20 13619562 1
20 16509084 1
20 17514277 1
20 17538288 1
20 18447980 1
20 21081134 1
20 22890716 1
20 31269208 1
20 32581217 1
20 32904140 1
20 32910884 1
20 33277051 1
20 34639515 1
20 34673616 1
20 42863554 1
20 44406738 1
20 44439083 1
20 44455631 1
20 44538602 1
20 44611922 1
20 45191568 1
20 48391950 1
20 49050636 1
20 49057792 1
20 49116326 1
20 49341734 1
20 49990700 1
20 50142346 1
20 50216570 1
20 50233988 1
20 50720264 1
20 51758946 1
20 51797306 1
20 52029636 1
20 52259451 1
20 52482583 1
20 52557688 1
20 52663644 1
20 54987536 1
20 55685850 1
20 56008304 1
20 56949479 1
20 58633460 1
20 61317704 1
20 62451158 1
21 30554612 1
21 30568870 1
21 31042546 1
21 31277211 1
21 31348179 1
21 34755597 1
21 35088670 1
21 35134208 1
21 35304436 1
21 35340543 1
21 35563055 1
21 36277558 1
21 36369852 1
21 36472835 1
21 36901184 1
21 36920701 1
21 37377348 1
21 37632720 1
21 37670642 1
21 38390721 1
21 38711310 1
21 39031484 1
21 40203556 1
21 40222746 1
21 40691768 1
21 40735794 1
21 44914488 1
21 45638556 1
21 45669366 1
22 19668856 1
22 19760529 1
22 20046444 1
22 22356592 1
22 22417632 1
22 23461990 1
22 24360346 1
22 24841761 1
22 26824960 1
22 27061579 1
22 28638101 1
22 31442606 1
22 31639573 1
22 32034192 1
22 32058032 1
22 33045611 1
22 35608182 1
22 36011376 1
22 36023725 1
22 36310922 1
22 36448801 1
22 37056056 1
22 37669707 1
22 37754460 1
22 38408954 1
22 39677700 1
22 39892498 1
22 40022264 1
22 40145103 1
22 40170163 1
22 40316505 1
22 40334892 1
22 40832726 1
22 41963093 1
22 42809061 1
22 42833889 1
22 43403758 1
22 44421595 1
22 45645738 1
22 46959946 1
22 47291748 1
22 47331138 1
22 50753064 1
23 9309598 1
23 9320442 1
23 11393933 1
23 13272558 1
23 15523353 1
23 15755830 1
23 15965838 1
23 18905008 1
23 20380876 1
23 23817700 1
23 23825634 1
23 23863120 1
23 23981636 1
23 30301910 1
23 31573841 1
23 37512364 1
23 38508914 1
23 39299818 1
23 39386674 1
23 39993243 1
23 40012521 1
23 40404020 1
23 40905919 1
23 41419068 1
23 44203418 1
23 44343731 1
23 44568092 1
23 44702798 1
23 47467992 1
23 48726480 1
23 49023671 1
23 53024738 1
23 55054894 1
23 57022176 1
23 67400394 1
23 67660618 1
23 67791170 1
23 69397008 1
23 69675058 1
23 71529070 1
23 71840666 1
23 75368476 1
23 75393118 1
23 79679163 1
23 102809722 1
23 102942036 1
23 106398349 1
23 109132541 1
23 113625084 1
23 117700182 1
23 117859119 1
23 119738164 1
23 119763915 1
23 120218938 1
23 120295400 1
23 120331602 1
23 129107068 1
23 129116305 1
23 130700200 1
23 130947014 1
23 131138921 1
23 131151720 1
23 133703526 1
23 134138357 1
23 140991905 1
23 148621530 1
23 148622686 1
23 148654346 1
23 150801830 1
23 151304966 1
23 151318500 1
23 153361608 1
23 153391008 1
23 153770542 1
23 154043912 1
23 154058387 1
1 2751786 0
1 2752272 0
1 4064036 0
1 4947992 0
1 5541320 0
1 8226400 0
1 8263946 0
1 11469714 0
1 12400612 0
1 13840666 0
1 14124826 0
1 16269952 0
1 16901748 0
1 17459072 0
1 17624636 0
1 19111898 0
1 19415892 0
1 20037284 0
1 20802978 0
1 21901532 0
1 23100208 0
1 26857966 0
1 27057012 0
1 27936814 0
1 29281150 0
1 30380704 0
1 34042738 0
1 34506214 0
1 37623884 0
1 39250918 0
1 39257524 0
1 41729984 0
1 42405156 0
1 43565164 0
1 44433412 0
1 44750544 0
1 45719422 0
1 47481492 0
1 48335878 0
1 51401478 0
1 52879524 0
1 55161118 0
1 56972554 0
1 57112786 0
1 57212754 0
1 57680866 0
1 60596882 0
1 60880802 0
1 63072376 0
1 63343976 0
1 63957446 0
1 65802142 0
1 66574978 0
1 70312214 0
1 71496156 0
1 71569298 0
1 72777630 0
1 75668120 0
1 75861990 0
1 76546146 0
1 76641852 0
1 77172370 0
1 80502786 0
1 81393366 0
1 82058486 0
1 82399126 0
1 83569116 0
1 83658104 0
1 83827412 0
1 84915532 0
1 86044248 0
1 86460668 0
1 89682954 0
1 90817214 0
1 93602962 0
1 93912744 0
1 94021484 0
1 94361854 0
1 94611470 0
1 95290562 0
1 96191308 0
1 96279726 0
1 98534044 0
1 99258436 0
1 99791340 0
1 100022106 0
1 100317534 0
1 100606734 0
1 103202344 0
1 103668930 0
1 105430216 0
1 106056232 0
1 106367200 0
1 107125484 0
1 107428150 0
1 109263758 0
1 109489166 0
1 110039960 0
1 111719088 0
1 113471806 0
1 114418386 0
1 115700966 0
1 115986884 0
1 116682144 0
1 118474750 0
1 119360126 0
1 120103924 0
1 120454254 0
1 121644400 0
1 121770526 0
1 122559432 0
1 122674106 0
1 123073348 0
1 123578394 0
1 125044356 0
1 125862198 0
1 126020264 0
1 127012874 0
1 127515402 0
1 127538072 0
1 128100626 0
1 128966304 0
1 129164300 0
1 129465926 0
1 130569768 0
1 130634374 0
1 131820296 0
1 132032306 0
1 132136134 0
1 133682824 0
1 133791734 0
1 133848232 0
1 134211338 0
1 134441818 0
1 134953214 0
1 135371790 0
1 135607822 0
1 135854094 0
1 136137790 0
1 137041406 0
1 137130570 0
1 137249674 0
1 137649104 0
1 138070280 0
1 139300856 0
1 139553486 0
1 140177752 0
1 140891240 0
1 141004096 0
1 141430848 0
1 142003400 0
1 145935264 0
1 150185440 0
1 150686042 0
1 150772962 0
1 154372104 0
1 155870334 0
1 159834414 0
1 161483414 0
1 164358102 0
1 165262474 0
1 165852816 0
1 166120896 0
1 169526392 0
1 169969746 0
1 171804258 0
1 172112734 0
1 172314574 0
1 172717964 0
1 174136140 0
1 180210356 0
1 181514292 0
1 185235116 0
1 185489412 0
1 187924678 0
1 188405246 0
1 188416914 0
1 190257000 0
1 190658984 0
1 192815096 0
1 195083406 0
1 197942572 0
1 201694442 0
1 202149500 0
1 202597444 0
1 203273966 0
1 204857344 0
1 205952588 0
1 206227150 0
1 206275642 0
1 207825166 0
1 208050184 0
1 209413356 0
1 210715210 0
1 211781610 0
1 216012270 0
1 216048592 0
1 216327274 0
1 216501548 0
1 221483476 0
1 221865718 0
1 223213508 0
1 223939702 0
1 225923914 0
1 226583092 0
1 227077614 0
1 227188922 0
1 228260400 0
1 229744196 0
1 229851648 0
1 229940030 0
1 232054418 0
1 233118320 0
1 237920290 0
1 237947370 0
1 238386578 0
1 238535918 0
1 239034230 0
1 239131320 0
1 240374408 0
1 240979376 0
1 241606550 0
1 241959750 0
1 242486520 0
1 243320182 0
1 243505152 0
1 244289310 0
1 248909610 0
1 249006976 0
2 667892 0
2 1007442 0
2 5375466 0
2 6383558 0
2 6793066 0
2 7085404 0
2 7963674 0
2 8334242 0
2 8766448 0
2 9081522 0
2 9389712 0
2 10424846 0
2 10458316 0
2 10465824 0
2 10647392 0
2 12096044 0
2 12150084 0
2 12658992 0
2 13384132 0
2 14837056 0
2 16014584 0
2 17817350 0
2 18230628 0
2 18997628 0
2 21888800 0
2 22759012 0
2 22766016 0
2 23253136 0
2 26121446 0
2 26792454 0
2 29359854 0
2 30049776 0
2 35519490 0
2 37810042 0
2 37974462 0
2 39503592 0
2 40047416 0
2 40546146 0
2 40840932 0
2 42285006 0
2 43647864 0
2 43808976 0
2 46960996 0
2 47790994 0
2 51300398 0
2 51683466 0
2 54763368 0
2 56428214 0
2 59435308 0
2 59749580 0
2 60501626 0
2 61406500 0
2 62276016 0
2 63985508 0
2 66488740 0
2 66878012 0
2 69107298 0
2 70453934 0
2 72345512 0
2 72936348 0
2 73772882 0
2 75553990 0
2 77609810 0
2 77720016 0
2 78709740 0
2 79361064 0
2 79548574 0
2 79757110 0
2 80086044 0
2 81507778 0
2 82121066 0
2 82412084 0
2 82537274 0
2 84099566 0
2 86447154 0
2 87082746 0
2 87281048 0
2 87830682 0
2 88813786 0
2 89605900 0
2 90713570 0
2 91567636 0
2 91568052 0
2 93070736 0
2 93333900 0
2 93621024 0
2 94039680 0
2 94397886 0
2 94905438 0
2 95077416 0
2 98195472 0
2 99935904 0
2 101539782 0
2 102015706 0
2 103458142 0
2 105429578 0
2 106540566 0
2 108439544 0
2 108874370 0
2 112483352 0
2 114042596 0
2 117145402 0
2 120572276 0
2 122238714 0
2 123742856 0
2 124302524 0
2 125853898 0
2 127029404 0
2 129668666 0
2 129736838 0
2 130913514 0
2 132348364 0
2 135369582 0
2 136325132 0
2 136998760 0
2 137259176 0
2 137996438 0
2 139353578 0
2 141543778 0
2 143204934 0
2 143595150 0
2 145284766 0
2 146110940 0
2 149330212 0
2 149743272 0
2 149995960 0
2 150017582 0
2 150229420 0
2 150413632 0
2 153195462 0
2 155373888 0
2 157176920 0
2 157270580 0
2 160712814 0
2 161560298 0
2 161906068 0
2 163057158 0
2 163336740 0
2 164045232 0
2 166237424 0
2 167656254 0
2 168879218 0
2 169552868 0
2 171394584 0
2 171728478 0
2 171784046 0
2 171916924 0
2 174819564 0
2 175013480 0
2 175586330 0
2 177325436 0
2 177503988 0
2 177716372 0
2 178547740 0
2 178768912 0
2 179097046 0
2 181522074 0
2 182179120 0
2 183330322 0
2 186945672 0
2 189288826 0
2 189921460 0
2 189985238 0
2 195129292 0
2 195552698 0
2 198946004 0
2 199237842 0
2 199877604 0
2 201373196 0
2 202776740 0
2 203531180 0
2 204638336 0
2 204934292 0
2 205384692 0
2 208693744 0
2 209854850 0
2 210382906 0
2 212096912 0
2 212146580 0
2 212859250 0
2 214537780 0
2 218568460 0
2 219837410 0
2 220347042 0
2 220435358 0
2 222843144 0
2 222967994 0
2 223493220 0
2 223846786 0
2 228136516 0
2 230722406 0
2 234078756 0
2 236073100 0
2 236530430 0
2 236923868 0
2 237078504 0
2 237099680 0
2 237906108 0
2 239498586 0
2 239715668 0
2 240378584 0
2 241459194 0
3 2288236 0
3 3382400 0
3 4527574 0
3 4866414 0
3 5546734 0
3 5592134 0
3 7210934 0
3 10245712 0
3 10621038 0
3 11210576 0
3 12583754 0
3 14045014 0
3 14618672 0
3 17857870 0
3 21727034 0
3 22527338 0
3 23343826 0
3 25957764 0
3 26308098 0
3 29227312 0
3 31710356 0
3 34784168 0
3 34884778 0
3 35767826 0
3 36371428 0
3 37516386 0
3 39186430 0
3 39792544 0
3 41111296 0
3 41497256 0
3 44816760 0
3 47460748 0
3 48969922 0
3 49497698 0
3 49522796 0
3 50565826 0
3 52349192 0
3 55061490 0
3 55349476 0
3 56349066 0
3 56713538 0
3 57713988 0
3 57752172 0
3 58507926 0
3 58870000 0
3 61505212 0
3 61873612 0
3 63920926 0
3 64305984 0
3 64365160 0
3 65005266 0
3 65823318 0
3 65926340 0
3 66027210 0
3 66589000 0
3 67257156 0
3 68325826 0
3 70476076 0
3 70670726 0
3 70789160 0
3 71703864 0
3 71744110 0
3 71976602 0
3 72414998 0
3 72938118 0
3 73775494 0
3 74508288 0
3 74553750 0
3 76993576 0
3 78614926 0
3 78886464 0
3 80158272 0
3 81840248 0
3 82229242 0
3 83906754 0
3 85398140 0
3 86998586 0
3 88663686 0
3 89350490 0
3 89528870 0
3 90704072 0
3 90816738 0
3 90817946 0
3 91559766 0
3 91820948 0
3 92351706 0
3 92922634 0
3 93090532 0
3 94761646 0
3 99337456 0
3 100760520 0
3 103455158 0
3 104339008 0
3 104486290 0
3 105159286 0
3 105807094 0
3 107939798 0
3 108829388 0
3 109158588 0
3 110467578 0
3 111311954 0
3 111676008 0
3 111733928 0
3 114937922 0
3 116388144 0
3 117398090 0
3 117737488 0
3 119038620 0
3 120513254 0
3 122009552 0
3 123477308 0
3 123791776 0
3 124139982 0
3 125304296 0
3 125778698 0
3 130438576 0
3 131389324 0
3 133527134 0
3 135499874 0
3 135606144 0
3 136240208 0
3 140891996 0
3 141209250 0
3 141659264 0
3 142658878 0
3 146832562 0
3 146856960 0
3 146940868 0
3 147014248 0
3 147482494 0
3 148397118 0
3 149768478 0
3 149797606 0
3 150687474 0
3 154608402 0
3 155405254 0
3 156443612 0
3 158172232 0
3 158249854 0
3 160942866 0
3 161702718 0
3 162494378 0
3 163391762 0
3 164144968 0
3 165359576 0
3 165366028 0
3 165595270 0
3 166825740 0
3 168466198 0
3 168471402 0
3 169487612 0
3 169632332 0
3 170953562 0
3 172840184 0
3 172903250 0
3 173033604 0
3 173408436 0
3 173898900 0
3 174275086 0
3 175430950 0
3 176144924 0
3 177008596 0
3 183675468 0
3 187168674 0
3 190006754 0
3 190922658 0
3 192926670 0
3 196142856 0
4 2872406 0
4 4814660 0
4 5411522 0
4 6660622 0
4 8456606 0
4 9686972 0
4 11108524 0
4 11741686 0
4 13192732 0
4 13564646 0
4 14494652 0
4 15346320 0
4 15887880 0
4 16415190 0
4 16629986 0
4 17508500 0
4 18745026 0
4 18987522 0
4 19929636 0
4 20300870 0
4 21150842 0
4 21938630 0
4 22248332 0
4 23891672 0
4 25353176 0
4 25389974 0
4 25783218 0
4 27094000 0
4 28484804 0
4 28718868 0
4 29042658 0
4 29885796 0
4 31431302 0
4 31586870 0
4 32488290 0
4 36057902 0
4 36273924 0
4 38777460 0
4 40708200 0
4 42051324 0
4 42196090 0
4 42222518 0
4 42796674 0
4 44406614 0
4 47017392 0
4 47823590 0
4 48147808 0
4 48409544 0
4 49854010 0
4 51291442 0
4 51619642 0
4 51697278 0
4 52538200 0
4 52630338 0
4 55540420 0
4 59111218 0
4 60061634 0
4 61257420 0
4 62048664 0
4 62152952 0
4 63755530 0
4 64354330 0
4 68030162 0
4 68447186 0
4 69301272 0
4 69780148 0
4 71998920 0
4 72261966 0
4 72706622 0
4 76521896 0
4 76887812 0
4 77661822 0
4 79239914 0
4 79692194 0
4 81533628 0
4 81678366 0
4 82193160 0
4 83406324 0
4 85006814 0
4 85190382 0
4 85424018 0
4 86070680 0
4 86955036 0
4 87771274 0
4 87966870 0
4 88089210 0
4 89382346 0
4 90471940 0
4 90553408 0
4 92764148 0
4 93438182 0
4 97919430 0
4 101768244 0
4 102936240 0
4 103682060 0
4 106140216 0
4 106737188 0
4 106958580 0
4 109604604 0
4 110255322 0
4 110741950 0
4 110853422 0
4 111684938 0
4 111964140 0
4 114316100 0
4 116394190 0
4 116949958 0
4 119076948 0
4 120436730 0
4 124271126 0
4 125691726 0
4 127063966 0
4 127956482 0
4 129938746 0
4 130254182 0
4 132837360 0
4 133500572 0
4 136204930 0
4 137355888 0
4 138494760 0
4 139832276 0
4 141362082 0
4 142884458 0
4 146700354 0
4 149607624 0
4 149679832 0
4 150757164 0
4 152607560 0
4 154941070 0
4 155082070 0
4 156846632 0
4 158216416 0
4 159447954 0
4 160241360 0
4 161552920 0
4 162734948 0
4 166239340 0
4 168087366 0
4 168663942 0
4 169699166 0
4 170939382 0
4 170957318 0
4 173146390 0
4 173552958 0
4 174849638 0
4 175569332 0
4 177372448 0
4 178535560 0
4 179777482 0
4 180118380 0
4 180305554 0
4 180937752 0
4 181164886 0
4 181978054 0
4 182095994 0
4 182718342 0
4 183125384 0
4 183727636 0
4 185088790 0
4 185248336 0
4 186335014 0
4 189056106 0
4 189258504 0
5 2199604 0
5 2409298 0
5 4747662 0
5 4784906 0
5 5666310 0
5 7935686 0
5 10619844 0
5 11215980 0
5 12115774 0
5 13647588 0
5 13800488 0
5 18430326 0
5 18758516 0
5 20310454 0
5 21137678 0
5 22275900 0
5 23207810 0
5 23372386 0
5 27128086 0
5 28125294 0
5 28138946 0
5 29144244 0
5 30293748 0
5 31402848 0
5 31554484 0
5 34700204 0
5 36250072 0
5 37607636 0
5 39999218 0
5 41297220 0
5 41838116 0
5 43417414 0
5 43693204 0
5 46635898 0
5 46890298 0
5 47354976 0
5 48171012 0
5 48477970 0
5 48946892 0
5 48965342 0
5 49286438 0
5 49385490 0
5 51489356 0
5 52251364 0
5 53326114 0
5 53467248 0
5 54805952 0
5 56882880 0
5 57017198 0
5 57207250 0
5 59706602 0
5 60819622 0
5 60824132 0
5 60927320 0
5 66029926 0
5 68423906 0
5 68687924 0
5 69072322 0
5 71772452 0
5 72056034 0
5 72300272 0
5 72723048 0
5 74211314 0
5 77283582 0
5 78233546 0
5 79815138 0
5 80186544 0
5 82316872 0
5 82821532 0
5 83280958 0
5 84928204 0
5 84973080 0
5 86663142 0
5 88143756 0
5 91092574 0
5 92876038 0
5 94551162 0
5 94866978 0
5 95757180 0
5 99074106 0
5 99271588 0
5 99354204 0
5 100422102 0
5 103900226 0
5 104397792 0
5 104533786 0
5 105828100 0
5 106453320 0
5 106714136 0
5 109586086 0
5 110450124 0
5 113589572 0
5 113655000 0
5 116855646 0
5 117422078 0
5 117921056 0
5 120117938 0
5 121674504 0
5 124507918 0
5 125612768 0
5 126565564 0
5 126665392 0
5 128848270 0
5 129395156 0
5 130765996 0
5 132702396 0
5 133001542 0
5 133081954 0
5 134190946 0
5 135079286 0
5 139526182 0
5 139554246 0
5 142554378 0
5 143399368 0
5 145193772 0
5 146448514 0
5 147239302 0
5 147454112 0
5 148307518 0
5 153452420 0
5 153998464 0
5 154425552 0
5 154544992 0
5 158458822 0
5 159687164 0
5 161530376 0
5 161819316 0
5 163044350 0
5 163134164 0
5 163324640 0
5 163421852 0
5 163686710 0
5 163995910 0
5 164654116 0
5 165405392 0
5 165893522 0
5 166742336 0
5 167648220 0
5 171785726 0
5 171821644 0
5 175379960 0
5 175538962 0
5 177208522 0
5 179923430 0
6 713260 0
6 2238144 0
6 3836886 0
6 4378712 0
6 4822606 0
6 5427850 0
6 6053374 0
6 8829838 0
6 14404612 0
6 14779506 0
6 16404186 0
6 16834992 0
6 17471094 0
6 17609346 0
6 18400662 0
6 22445818 0
6 23026614 0
6 23500804 0
6 23522616 0
6 26384064 0
6 27048790 0
6 27067862 0
6 29061928 0
6 30406544 0
6 31012372 0
6 31867614 0
6 32692618 0
6 34571636 0
6 34998028 0
6 36175286 0
6 37709590 0
6 38068180 0
6 40392440 0
6 40925886 0
6 42325526 0
6 43648278 0
6 44336504 0
6 44886792 0
6 45332204 0
6 47808670 0
6 47830324 0
6 49299534 0
6 51686216 0
6 52057020 0
6 52634478 0
6 53071610 0
6 54057848 0
6 57130542 0
6 60534394 0
6 60692070 0
6 61157426 0
6 61247332 0
6 61847064 0
6 64983290 0
6 66585632 0
6 69268290 0
6 73822792 0
6 75823064 0
6 80181692 0
6 80789548 0
6 80933544 0
6 81058366 0
6 84835990 0
6 85487050 0
6 85933898 0
6 88518518 0
6 90658790 0
6 92148070 0
6 92508000 0
6 94362936 0
6 96580498 0
6 97092158 0
6 99199974 0
6 99217744 0
6 101002394 0
6 102358126 0
6 103023104 0
6 104013974 0
6 105146298 0
6 108884214 0
6 109067616 0
6 109104664 0
6 110258266 0
6 111852994 0
6 112158990 0
6 114182622 0
6 117111914 0
6 117196300 0
6 117659730 0
6 117806928 0
6 118953982 0
6 119321706 0
6 120386250 0
6 120982196 0
6 121353160 0
6 121544614 0
6 121575616 0
6 121716990 0
6 127526958 0
6 129313486 0
6 129663202 0
6 129811566 0
6 130079610 0
6 130706502 0
6 131253552 0
6 132778782 0
6 133586620 0
6 134639814 0
6 135589934 0
6 137037904 0
6 138333774 0
6 138506320 0
6 138965238 0
6 139068628 0
6 140145684 0
6 141112550 0
6 142490782 0
6 142729798 0
6 144982622 0
6 145383622 0
6 148329390 0
6 151025502 0
6 151246786 0
6 151677496 0
6 152093328 0
6 152330304 0
6 152709916 0
6 152772272 0
6 155165186 0
6 157247058 0
6 159225106 0
6 159738114 0
6 161162076 0
6 163387054 0
6 163939692 0
6 164549346 0
6 165965452 0
6 166488990 0
6 167083044 0
6 167239944 0
6 168960846 0
6 170232616 0
6 170787358 0
7 330238 0
7 749822 0
7 1503100 0
7 8028086 0
7 8571452 0
7 10958028 0
7 11728298 0
7 12248120 0
7 12705310 0
7 13595602 0
7 14194918 0
7 18004810 0
7 20085722 0
7 22673758 0
7 23470436 0
7 23903072 0
7 31021854 0
7 31466824 0
7 32459146 0
7 34121416 0
7 35561084 0
7 36675534 0
7 36986196 0
7 37413402 0
7 40339730 0
7 41046976 0
7 41779256 0
7 42949626 0
7 43480598 0
7 44136042 0
7 47121584 0
7 47709270 0
7 48559856 0
7 48780612 0
7 51703312 0
7 53427422 0
7 54184132 0
7 54209980 0
7 58582390 0
7 58924324 0
7 59244308 0
7 60333386 0
7 60723028 0
7 66019966 0
7 66162620 0
7 67394960 0
7 68778080 0
7 69688228 0
7 70418078 0
7 71250440 0
7 73442018 0
7 75874024 0
7 77102024 0
7 77103650 0
7 77817976 0
7 77945138 0
7 80301598 0
7 80741538 0
7 81659874 0
7 82793012 0
7 82839934 0
7 82924070 0
7 83946402 0
7 84447210 0
7 90343990 0
7 90802042 0
7 94828450 0
7 95949922 0
7 97664990 0
7 98040664 0
7 99659532 0
7 102182604 0
7 104347920 0
7 106620100 0
7 107645282 0
7 108415538 0
7 109463158 0
7 110130324 0
7 110264114 0
7 111310446 0
7 111799396 0
7 112576818 0
7 114700658 0
7 115605306 0
7 116295444 0
7 116780098 0
7 121603038 0
7 122654774 0
7 123848796 0
7 124127986 0
7 124190394 0
7 124523246 0
7 131178366 0
7 131342500 0
7 131580676 0
7 132231216 0
7 132690446 0
7 133934486 0
7 135933888 0
7 136239066 0
7 136981832 0
7 137003344 0
7 137097144 0
7 139728890 0
7 140916796 0
7 143341916 0
7 144285788 0
7 145429976 0
7 146983094 0
7 148953632 0
7 150732358 0
7 150987332 0
7 152139978 0
7 154511580 0
7 155394702 0
7 156267168 0
7 158831258 0
7 158986110 0
8 2346706 0
8 2415138 0
8 6216054 0
8 6522792 0
8 7398334 0
8 8748314 0
8 10591700 0
8 11883132 0
8 13249632 0
8 13967872 0
8 15148860 0
8 17359092 0
8 22022100 0
8 22786884 0
8 27629866 0
8 28576690 0
8 29738668 0
8 30337988 0
8 31159316 0
8 31334128 0
8 32953278 0
8 33146824 0
8 33663804 0
8 34345916 0
8 35384594 0
8 37073738 0
8 39444548 0
8 41158084 0
8 41542920 0
8 41736052 0
8 44134240 0
8 44409722 0
8 44625064 0
8 45607284 0
8 45712492 0
8 45850976 0
8 46740906 0
8 50577892 0
8 51764356 0
8 52387472 0
8 52771334 0
8 54102004 0
8 56428248 0
8 59665208 0
8 60829702 0
8 61234588 0
8 61656430 0
8 64206302 0
8 64287168 0
8 65474332 0
8 68976438 0
8 69873748 0
8 69884708 0
8 69945642 0
8 73359152 0
8 73444474 0
8 75278988 0
8 76082832 0
8 77608226 0
8 78026812 0
8 79024598 0
8 80314328 0
8 81791000 0
8 81828338 0
8 81940918 0
8 83179900 0
8 86360324 0
8 86745806 0
8 86984748 0
8 88669554 0
8 91964044 0
8 93356886 0
8 93605548 0
8 93788090 0
8 94126866 0
8 98439076 0
8 102669658 0
8 102849124 0
8 103709348 0
8 105251062 0
8 107490732 0
8 110598716 0
8 113159646 0
8 113447314 0
8 113764814 0
8 116439942 0
8 117674552 0
8 122205958 0
8 123255398 0
8 124281534 0
8 124361482 0
8 125772616 0
8 126250098 0
8 126775096 0
8 127084294 0
8 127666080 0
8 128094360 0
8 128189422 0
8 129126448 0
8 129192784 0
8 135270036 0
8 136539250 0
8 137681598 0
8 140368400 0
8 142847618 0
8 144162272 0
9 275242 0
9 363416 0
9 510466 0
9 971668 0
9 999376 0
9 1399532 0
9 2195552 0
9 2784592 0
9 3126696 0
9 4082344 0
9 4376120 0
9 7155236 0
9 7545148 0
9 9339902 0
9 10289376 0
9 10918886 0
9 12385988 0
9 12645398 0
9 15067700 0
9 15516810 0
9 17037312 0
9 18184704 0
9 18664862 0
9 19408292 0
9 20809804 0
9 21029278 0
9 21308920 0
9 22593538 0
9 26217210 0
9 27134558 0
9 27866944 0
9 30488090 0
9 31837992 0
9 36022258 0
9 36782738 0
9 37747774 0
9 41006598 0
9 43815280 0
9 46253468 0
9 47818096 0
9 47895724 0
9 48077128 0
9 49000494 0
9 49402418 0
9 49444230 0
9 49952834 0
9 50250708 0
9 50378856 0
9 50644528 0
9 50918094 0
9 51516042 0
9 51629276 0
9 51898762 0
9 53311148 0
9 53612376 0
9 55255396 0
9 55647618 0
9 55858400 0
9 55978196 0
9 56283416 0
9 56999290 0
9 57481998 0
9 57678066 0
9 58121316 0
9 58180080 0
9 58962804 0
9 59001002 0
9 59660182 0
9 59897000 0
9 62397376 0
9 63226824 0
9 63633908 0
9 63783298 0
9 64116774 0
9 64330698 0
9 64468732 0
9 64975834 0
9 66043046 0
9 66199594 0
9 67098320 0
9 67108556 0
9 67664788 0
9 69924132 0
9 70829226 0
9 71694060 0
9 74729990 0
9 75518100 0
9 76675608 0
9 77431922 0
9 77679868 0
9 79493100 0
9 79578478 0
9 80868238 0
9 83018066 0
9 83162376 0
9 83710972 0
9 87496704 0
9 87617394 0
9 89312606 0
9 89993592 0
9 91191770 0
9 91242070 0
9 91529868 0
9 93206914 0
9 93762136 0
9 94819302 0
9 94843168 0
9 95037872 0
9 95220356 0
9 97212760 0
9 98790884 0
9 98940618 0
9 99106912 0
9 100146816 0
9 101069772 0
9 103835128 0
9 104316626 0
9 108151368 0
9 108401970 0
9 109172242 0
9 109442530 0
9 111745954 0
9 116296162 0
9 117914180 0
9 118398230 0
9 119036494 0
9 120624160 0
9 122860940 0
9 123916744 0
9 123963758 0
9 124210038 0
9 124894714 0
9 125640110 0
9 126625278 0
9 127619166 0
9 128359820 0
9 128641280 0
9 129327860 0
9 132194756 0
9 134919894 0
9 135851470 0
9 139399874 0
9 139763362 0
10 93190 0
10 1326118 0
10 1647194 0
10 1967500 0
10 3109804 0
10 3641328 0
10 5375566 0
10 6347150 0
10 6997004 0
10 8107620 0
10 9558042 0
10 15825040 0
10 16451748 0
10 16649540 0
10 18498482 0
10 20104360 0
10 21422852 0
10 22780506 0
10 23491466 0
10 25563568 0
10 27533900 0
10 28950772 0
10 28966370 0
10 29087914 0
10 30190726 0
10 30324656 0
10 30971022 0
10 31026304 0
10 33182098 0
10 33281872 0
10 34093988 0
10 34697372 0
10 35744210 0
10 37813746 0
10 39671542 0
10 40003004 0
10 41072652 0
10 41111626 0
10 42328798 0
10 43231422 0
10 44369724 0
10 46564296 0
10 46825106 0
10 51298770 0
10 51361828 0
10 51979310 0
10 52175438 0
10 52209062 0
10 52711794 0
10 53480280 0
10 56374142 0
10 56670776 0
10 58797982 0
10 59288762 0
10 60932204 0
10 61418658 0
10 62318342 0
10 63208622 0
10 63310774 0
10 66743044 0
10 67197114 0
10 67637134 0
10 69154450 0
10 71275192 0
10 71380380 0
10 71671614 0
10 73938100 0
10 75810616 0
10 78021734 0
10 80032210 0
10 80606568 0
10 80939756 0
10 82280832 0
10 84724006 0
10 86051400 0
10 88048464 0
10 88170898 0
10 88586726 0
10 89041362 0
10 91373368 0
10 91394870 0
10 93603370 0
10 95355856 0
10 98510918 0
10 100334790 0
10 100948588 0
10 101257778 0
10 101421086 0
10 102503434 0
10 102831106 0
10 102972102 0
10 106184424 0
10 108834960 0
10 109538440 0
10 109705650 0
10 110420108 0
10 110830682 0
10 117893380 0
10 119364324 0
10 119840716 0
10 121001124 0
10 122014146 0
10 122978556 0
10 123506502 0
10 124362624 0
10 125919416 0
10 126150292 0
10 126653272 0
10 127894952 0
10 128225052 0
10 129244896 0
10 130367422 0
10 132565846 0
10 132751802 0
10 133121072 0
10 133506930 0
10 133519586 0
10 134393572 0
10 134897576 0
11 280512 0
11 853526 0
11 888438 0
11 1711496 0
11 4006718 0
11 5004856 0
11 5104270 0
11 6458688 0
11 8016316 0
11 8111400 0
11 8303832 0
11 8424406 0
11 11963006 0
11 12080730 0
11 15744914 0
11 16050722 0
11 16842468 0
11 17351770 0
11 18553210 0
11 23515298 0
11 26508028 0
11 26843988 0
11 28069492 0
11 28613774 0
11 29573306 0
11 31165276 0
11 31258228 0
11 33925552 0
11 35242942 0
11 36917730 0
11 37720724 0
11 38069108 0
11 39353480 0
11 40894602 0
11 41032260 0
11 41049238 0
11 42057698 0
11 43901150 0
11 45555452 0
11 47712448 0
11 49274176 0
11 50232946 0
11 50809858 0
11 51084612 0
11 53677042 0
11 53928690 0
11 57327872 0
11 58974374 0
11 59125482 0
11 61557792 0
11 64384108 0
11 67013560 0
11 68596898 0
11 73490338 0
11 73554706 0
11 74148868 0
11 75308310 0
11 76651488 0
11 77608256 0
11 77884592 0
11 78384296 0
11 79664652 0
11 81526154 0
11 87266094 0
11 88686650 0
11 88834170 0
11 91994988 0
11 92618930 0
11 93944476 0
11 94818162 0
11 95036466 0
11 100269142 0
11 103826402 0
11 104011664 0
11 104484130 0
11 104905442 0
11 107927438 0
11 108005932 0
11 111129838 0
11 111772324 0
11 113899374 0
11 114871512 0
11 115507072 0
11 117695534 0
11 119479754 0
11 120479940 0
11 121947576 0
11 122971546 0
11 123049456 0
11 123973510 0
11 126850728 0
11 127086578 0
11 127209148 0
11 127633998 0
11 128370602 0
11 130780408 0
11 131920100 0
11 133258256 0
12 1930388 0
12 2220026 0
12 5968672 0
12 6500486 0
12 7209420 0
12 7623908 0
12 13059660 0
12 13945572 0
12 15794336 0
12 18679766 0
12 20619836 0
12 21317142 0
12 21997006 0
12 23438194 0
12 24342528 0
12 25209866 0
12 26190002 0
12 26817080 0
12 28193420 0
12 31488406 0
12 33196126 0
12 35105226 0
12 35251562 0
12 36226668 0
12 38849820 0
12 40499128 0
12 40804980 0
12 41732152 0
12 44337578 0
12 47357046 0
12 47399398 0
12 50829416 0
12 52091138 0
12 53777152 0
12 55420698 0
12 56113860 0
12 58023628 0
12 62035760 0
12 65034858 0
12 65985862 0
12 67159376 0
12 69853132 0
12 72875990 0
12 75814774 0
12 78584912 0
12 79078866 0
12 79179394 0
12 79581718 0
12 81650592 0
12 82743708 0
12 83226116 0
12 84442144 0
12 86505470 0
12 86741282 0
12 87747638 0
12 88429970 0
12 89730352 0
12 90113858 0
12 96041518 0
12 96753628 0
12 98493208 0
12 100548298 0
12 104775996 0
12 105134106 0
12 107408966 0
12 108214754 0
12 109689658 0
12 109788072 0
12 109831848 0
12 112784434 0
12 113157544 0
12 113230284 0
12 116260174 0
12 118583076 0
12 118783716 0
12 119094628 0
12 121600870 0
12 128786158 0
12 128931760 0
12 131191022 0
12 131602994 0
12 133182582 0
13 1979412 0
13 2058540 0
13 2392036 0
13 3226200 0
13 3906508 0
13 5086120 0
13 5182198 0
13 5648714 0
13 5891032 0
13 6289722 0
13 7676448 0
13 8687648 0
13 9081636 0
13 9368098 0
13 9372750 0
13 10082670 0
13 10368740 0
13 11242026 0
13 12501020 0
13 12761152 0
13 14511296 0
13 15886168 0
13 16403486 0
13 16756040 0
13 17992324 0
13 18358194 0
13 18861726 0
13 19528154 0
13 19933990 0
13 21077036 0
13 21976794 0
13 27250342 0
13 29011448 0
13 30916354 0
13 31640104 0
13 31680504 0
13 31690002 0
13 32624272 0
13 33480282 0
13 33953596 0
13 34358434 0
13 34600350 0
13 34845432 0
13 36227784 0
13 36518988 0
13 40474746 0
13 42041656 0
13 43055468 0
13 47350826 0
13 49102548 0
13 49485070 0
13 49498804 0
13 50639856 0
13 51462738 0
13 53579280 0
13 54056966 0
13 55680244 0
13 59474234 0
13 59938472 0
13 60480400 0
13 60947110 0
13 62632428 0
13 63202104 0
13 64933342 0
13 65265556 0
13 66283278 0
13 66639592 0
13 66790926 0
13 68597548 0
13 68652914 0
13 70912784 0
13 71206094 0
13 71549062 0
13 72015324 0
13 72198118 0
13 72854032 0
13 72871636 0
13 75719412 0
13 75753072 0
13 78881276 0
13 81278642 0
13 81293672 0
13 82085028 0
13 82512482 0
13 83503852 0
13 84147906 0
13 86376694 0
13 87775858 0
13 88419040 0
13 91423396 0
13 93840924 0
13 94677240 0
13 95192504 0
13 95530030 0
13 97222938 0
13 98195154 0
13 99561330 0
13 100862874 0
13 107897468 0
13 110064766 0
13 110803592 0
13 111068362 0
13 111923914 0
13 111934392 0
13 112963152 0
13 114156318 0
14 15588 0
14 43794 0
14 899192 0
14 1183560 0
14 1428454 0
14 4193184 0
14 6382202 0
14 6998644 0
14 7859440 0
14 8273612 0
14 8581052 0
14 8668824 0
14 8695658 0
14 10989184 0
14 11189052 0
14 12905964 0
14 13004218 0
14 13300922 0
14 13500702 0
14 13645358 0
14 14922102 0
14 15635330 0
14 16237470 0
14 16454478 0
14 16650912 0
14 16704364 0
14 17309670 0
14 17385726 0
14 17846698 0
14 18705700 0
14 18961286 0
14 20106068 0
14 21385992 0
14 22774106 0
14 23132800 0
14 25412420 0
14 26399740 0
14 26829628 0
14 27526128 0
14 29226794 0
14 29813358 0
14 30384248 0
14 33383766 0
14 37739008 0
14 38466756 0
14 41000334 0
14 44367856 0
14 44807922 0
14 44959990 0
14 48677036 0
14 48859724 0
14 48960304 0
14 51458894 0
14 52923964 0
14 54011446 0
14 55133628 0
14 56512582 0
14 64548082 0
14 65998056 0
14 67627286 0
14 69960814 0
14 70781974 0
14 71356832 0
14 71700132 0
14 73689364 0
14 75593330 0
14 80461928 0
14 82112916 0
14 82422620 0
14 82961548 0
14 85760426 0
14 85854582 0
14 85982376 0
14 86026500 0
14 86995132 0
14 88341896 0
14 89182396 0
14 89784000 0
14 90282748 0
14 91618354 0
14 91760504 0
14 93739410 0
14 94217458 0
14 94426162 0
14 96849280 0
14 97297230 0
14 98306568 0
14 99991664 0
14 101937826 0
14 103316068 0
14 104830534 0
14 106587008 0
15 64744 0
15 100864 0
15 517956 0
15 1065188 0
15 2314460 0
15 2760224 0
15 2841954 0
15 2963352 0
15 2999812 0
15 3146864 0
15 3658882 0
15 4180474 0
15 6640770 0
15 6753480 0
15 7198716 0
15 9044176 0
15 10136440 0
15 10227752 0
15 10441212 0
15 10715730 0
15 11451714 0
15 12039104 0
15 12796578 0
15 14335722 0
15 14524948 0
15 16243092 0
15 16602124 0
15 17433734 0
15 18134624 0
15 19676186 0
15 19744358 0
15 20699634 0
15 20876692 0
15 22004610 0
15 22552646 0
15 22585888 0
15 24114282 0
15 25241320 0
15 25760122 0
15 27777036 0
15 27810198 0
15 28011850 0
15 29084036 0
15 29185486 0
15 38932034 0
15 39435748 0
15 41680790 0
15 42299384 0
15 42887062 0
15 45176142 0
15 46240828 0
15 48304440 0
15 48748606 0
15 48786930 0
15 48993894 0
15 49593950 0
15 49620700 0
15 49742200 0
15 51084160 0
15 51147776 0
15 51288562 0
15 52146652 0
15 53494798 0
15 54059696 0
15 56040910 0
15 59506558 0
15 60014526 0
15 60689862 0
15 60975892 0
15 61045284 0
15 62953072 0
15 64679678 0
15 67538834 0
15 69206886 0
15 69359148 0
15 69690542 0
15 71370326 0
15 71638192 0
15 71939432 0
15 72840092 0
15 77547676 0
15 81041774 0
15 82494254 0
15 82522598 0
15 83069870 0
15 85784140 0
15 87252052 0
15 90223616 0
15 90303548 0
15 94304946 0
15 94315372 0
15 95822866 0
15 96322766 0
15 96575020 0
15 96611258 0
15 97332898 0
15 97349834 0
15 101143538 0
15 101181770 0
15 102202116 0
16 477530 0
16 1423344 0
16 1432464 0
16 1608106 0
16 2201548 0
16 4322248 0
16 5240700 0
16 11216740 0
16 12155926 0
16 15745626 0
16 16417808 0
16 17612712 0
16 18283590 0
16 19513198 0
16 19608816 0
16 19639184 0
16 23136764 0
16 23930138 0
16 28436692 0
16 28620526 0
16 30486626 0
16 31356030 0
16 31665842 0
16 32451256 0
16 35117266 0
16 35348192 0
16 36420694 0
16 37840992 0
16 38646078 0
16 38761296 0
16 40703172 0
16 42167630 0
16 43522882 0
16 44146358 0
16 44397944 0
16 44420516 0
16 44860894 0
16 44955842 0
16 45268472 0
16 45521886 0
16 46010798 0
16 46189804 0
16 48166508 0
16 51903178 0
16 54082412 0
16 54337820 0
16 55396418 0
16 56934046 0
16 59138624 0
16 59696056 0
16 59787340 0
16 60419878 0
16 61978734 0
16 62562914 0
16 64529214 0
16 66480856 0
16 66962274 0
16 67002888 0
16 71682814 0
16 77502730 0
16 77943876 0
16 79383442 0
16 83311458 0
16 84058640 0
16 86129370 0
16 86651712 0
16 88925300 0
16 88988740 0
16 89460728 0
16 89586358 0
16 89911324 0
17 1973730 0
17 2976344 0
17 5009430 0
17 5944288 0
17 6278438 0
17 6288824 0
17 6594736 0
17 7664036 0
17 7813036 0
17 8045250 0
17 10320858 0
17 10372632 0
17 11794470 0
17 12043686 0
17 12315182 0
17 13227780 0
17 16090234 0
17 17492124 0
17 18395320 0
17 20301340 0
17 20569396 0
17 21188856 0
17 21190984 0
17 21920956 0
17 22488398 0
17 23356814 0
17 23793416 0
17 24134832 0
17 24338932 0
17 24461700 0
17 25540940 0
17 26910220 0
17 26925278 0
17 27082898 0
17 27579546 0
17 28996408 0
17 29645362 0
17 30275426 0
17 31302588 0
17 33935862 0
17 36232334 0
17 40637918 0
17 42548600 0
17 45178274 0
17 46149210 0
17 46813532 0
17 46846710 0
17 47246164 0
17 47693414 0
17 48263124 0
17 49040558 0
17 50464494 0
17 50715920 0
17 50765196 0
17 54574944 0
17 54950432 0
17 55443246 0
17 56144226 0
17 58867430 0
17 61137636 0
17 62961380 0
17 65707354 0
17 67814498 0
17 68986858 0
17 70156082 0
17 73432532 0
17 74072172 0
17 76266190 0
17 79229932 0
17 79443102 0
17 79973522 0
18 2337854 0
18 4524638 0
18 4864294 0
18 5037118 0
18 5332298 0
18 5724140 0
18 6030470 0
18 8621848 0
18 9239274 0
18 12687372 0
18 13389228 0
18 13626802 0
18 14354686 0
18 15944562 0
18 16200288 0
18 16902998 0
18 16965192 0
18 16967268 0
18 17853640 0
18 18034892 0
18 18502664 0
18 18974708 0
18 20683478 0
18 20772460 0
18 21002022 0
18 23864454 0
18 26910910 0
18 26967540 0
18 27180540 0
18 30200016 0
18 30475328 0
18 34060066 0
18 34662926 0
18 34860246 0
18 41096030 0
18 41168546 0
18 42554890 0
18 42671922 0
18 42809256 0
18 43993758 0
18 44348436 0
18 44432328 0
18 44982002 0
18 48322532 0
18 48390258 0
18 49404238 0
18 50056098 0
18 50471264 0
18 50699472 0
18 51630832 0
18 53505858 0
18 54400046 0
18 55109768 0
18 55852562 0
18 56189812 0
18 57541496 0
18 59000930 0
18 59198342 0
18 61512648 0
18 61926296 0
18 62703892 0
18 64330442 0
18 65038058 0
18 66275810 0
18 72827868 0
18 72919400 0
18 73918364 0
18 76737874 0
19 1790002 0
19 3035092 0
19 4811016 0
19 5259574 0
19 9678026 0
19 11040646 0
19 11128248 0
19 12911526 0
19 14104858 0
19 15739444 0
19 16916528 0
19 16979234 0
19 19170012 0
19 19244954 0
19 20559530 0
19 22234776 0
19 24697824 0
19 25047998 0
19 26194588 0
19 26734484 0
19 27058444 0
19 27595146 0
19 28416412 0
19 30562710 0
19 30741564 0
19 32183462 0
19 32477290 0
19 34925456 0
19 39038918 0
19 40249078 0
19 40512448 0
19 42528688 0
19 43646930 0
19 45257376 0
19 46695308 0
19 49559218 0
19 50887950 0
19 54246970 0
19 56446440 0
20 684204 0
20 2275688 0
20 2633104 0
20 5519814 0
20 7986920 0
20 8749780 0
20 14122796 0
20 14320204 0
20 16610872 0
20 17002112 0
20 23185982 0
20 23988126 0
20 24276680 0
20 24852498 0
20 25590324 0
20 26490158 0
20 28056402 0
20 28399974 0
20 28596726 0
20 30587280 0
20 31641642 0
20 33232702 0
20 34150872 0
20 35669122 0
20 38747324 0
20 39681220 0
20 39813838 0
20 42086498 0
20 43803722 0
20 43945944 0
20 44774780 0
20 45886174 0
20 51535518 0
20 51581400 0
20 52609120 0
20 53810056 0
20 55203926 0
20 55549994 0
20 58242386 0
20 62866910 0
20 63019898 0
21 20354 0
21 955858 0
21 2410870 0
21 3246338 0
21 3474744 0
21 4073420 0
21 4358120 0
21 5070942 0
21 5153588 0
21 5313344 0
21 5530196 0
21 5917146 0
21 6458748 0
21 6686828 0
21 7006316 0
21 7608238 0
21 8754258 0
21 9055070 0
21 9395420 0
21 12121000 0
21 12488362 0
21 14885670 0
21 16211640 0
21 17338342 0
21 17635884 0
21 17658530 0
21 17780844 0
21 19841548 0
21 21405702 0
21 21730418 0
21 22375222 0
21 22772404 0
21 22789008 0
21 23438650 0
21 27276686 0
21 28480134 0
21 31207464 0
21 31881256 0
21 33408392 0
21 34985628 0
21 35094742 0
21 35178856 0
21 38442618 0
21 39956820 0
21 40029708 0
21 40457440 0
21 41315416 0
21 41929956 0
21 42298514 0
21 43844420 0
21 43853930 0
21 44672974 0
21 47480942 0
22 1131204 0
22 3051942 0
22 3274932 0
22 3587122 0
22 3634542 0
22 3944568 0
22 4119522 0
22 4144888 0
22 4313318 0
22 6095724 0
22 6682518 0
22 6891650 0
22 7786814 0
22 9030066 0
22 9472302 0
22 9530380 0
22 9728644 0
22 10267390 0
22 11163528 0
22 11378716 0
22 11393700 0
22 11578280 0
22 11854874 0
22 11976366 0
22 12980958 0
22 13051206 0
22 14285922 0
22 15405914 0
22 16844732 0
22 18788518 0
22 19918662 0
22 20502146 0
22 20608702 0
22 22341500 0
22 24395810 0
22 26219486 0
22 27188566 0
22 28461682 0
22 28556378 0
22 29399064 0
22 30814856 0
22 34047768 0
22 34591252 0
22 35251798 0
22 35567736 0
22 37243774 0
22 37801652 0
22 38308454 0
22 39166602 0
22 39706832 0
22 43501522 0
22 43808420 0
22 45607088 0
22 46071002 0
22 46240758 0
23 54080 0
23 113540 0
23 1065546 0
23 2771908 0
23 6040996 0
23 6057254 0
23 6275398 0
23 6289850 0
23 7478748 0
23 7909928 0
23 7975252 0
23 7980776 0
23 9530316 0
23 11312604 0
23 11523274 0
23 12279786 0
23 13781224 0
23 14538484 0
23 15116682 0
23 16196480 0
23 21129352 0
23 21468606 0
23 21595536 0
23 23413660 0
23 26526536 0
23 32826990 0
23 32898664 0
23 34993898 0
23 38816398 0
23 41545084 0
23 41727540 0
23 43610164 0
23 46106992 0
23 47917928 0
23 48377072 0
23 49047986 0
23 50565864 0
23 50618046 0
23 56143350 0
23 58669444 0
23 58745142 0
23 60136200 0
23 68715120 0
23 70890370 0
23 73031586 0
23 73365014 0
23 84560168 0
23 89899354 0
23 90489080 0
23 92853868 0
23 95155894 0
23 96356748 0
23 97051582 0
23 97131798 0
23 98190060 0
23 98808544 0
23 99860916 0
23 100740320 0
23 101149394 0
23 101598592 0
23 103741916 0
23 103865810 0
23 104781746 0
23 105517786 0
23 106840152 0
23 109306798 0
23 111385386 0
23 117912158 0
23 120008706 0
23 120792964 0
23 121880994 0
23 121923756 0
23 126548700 0
23 126637028 0
23 129157512 0
23 130455686 0
23 130580440 0
23 132371104 0
23 132859826 0
23 135454188 0
23 138713478 0
23 139440206 0
23 141620362 0
23 141922344 0
23 147977012 0
23 150185454 0
23 152212384 0
23 153324118 0
23 154561748 0
