1 3593660 1
1 8181253 1
1 8242615 1
1 8570229 1
1 8593404 1
1 8724088 1
1 9031224 1
1 9135312 1
1 9136526 1
1 9963868 1
1 10655012 1
1 11779616 1
1 14039974 1
1 14843944 1
1 15068933 1
1 15668530 1
1 15711130 1
1 15713101 1
1 20407034 1
1 21349190 1
1 22366506 1
1 23077054 1
1 24165160 1
1 24215308 1
1 24257951 1
1 24513948 1
1 24516966 1
1 25062616 1
1 26298048 1
1 26907704 1
1 27004194 1
1 27460796 1
1 27463079 1
1 28016317 1
1 28190402 1
1 28454454 1
1 28503498 1
1 28574246 1
1 29254276 1
1 30161400 1
1 30182246 1
1 32015188 1
1 32343852 1
1 32423663 1
1 32450873 1
1 33093450 1
1 33554424 1
1 33565262 1
1 34799056 1
1 38412446 1
1 38639235 1
1 39569074 1
1 40291236 1
1 41131460 1
1 41134610 1
1 41176886 1
1 42272460 1
1 42474292 1
1 43687062 1
1 44331539 1
1 44399562 1
1 45180876 1
1 51382972 1
1 53326265 1
1 53332787 1
1 53480608 1
1 55725995 1
1 59050266 1
1 59491971 1
1 59732325 1
1 64637736 1
1 65364198 1
1 66815726 1
1 68201950 1
1 76620282 1
1 83966294 1
1 84158776 1
1 84767928 1
1 84903080 1
1 85064758 1
1 89530580 1
1 89664434 1
1 90372363 1
1 92546168 1
1 93003912 1
1 93443854 1
1 93446386 1
1 94181272 1
1 100274462 1
1 100909746 1
1 101644590 1
1 101687564 1
1 108506604 1
1 110075225 1
1 111459710 1
1 112144822 1
1 114423630 1
1 116681628 1
1 116711066 1
1 117129634 1
1 117280604 1
1 117312178 1
1 117594420 1
1 120204780 1
1 150228394 1
1 151763244 1
1 154359443 1
1 154379126 1
1 154469708 1
1 155568834 1
1 156076281 1
1 156168936 1
1 156494646 1
1 156806154 1
1 157494016 1
1 158256302 1
1 160147374 1
1 160399906 1
1 160430387 1
1 160444240 1
1 161706108 1
1 162596609 1
1 165655942 1
1 165844806 1
1 166139645 1
1 166459084 1
1 167013475 1
1 167060019 1
1 167400464 1
1 167461804 1
1 167469098 1
1 167722440 1
1 168140194 1
1 168523413 1
1 168979128 1
1 169014073 1
1 169060410 1
1 169650432 1
1 171220706 1
1 172307790 1
1 172368513 1
1 172788302 1
1 173324768 1
1 175256900 1
1 181031712 1
1 181047294 1
1 181412304 1
1 181473992 1
1 182396962 1
1 182618566 1
1 182646958 1
1 183573843 1
1 192520438 1
1 193081277 1
1 198607856 1
1 198625328 1
1 198648580 1
1 200597152 1
1 200624020 1
1 200991409 1
1 203398216 1
1 203643309 1
1 203722599 1
1 203723689 1
1 203830938 1
1 204548324 1
1 205290846 1
1 205450382 1
1 205551710 1
1 206293958 1
1 206299550 1
1 206310378 1
1 206731330 1
1 206782972 1
1 206853567 1
1 206890709 1
1 207128220 1
1 207586081 1
1 207588148 1
1 208056928 1
1 209237422 1
1 210858418 1
1 211692100 1
1 211780250 1
1 213102336 1
1 213133432 1
1 214601361 1
1 219361748 1
1 221242970 1
1 221951122 1
1 224685976 1
1 226036042 1
1 226714810 1
1 226960523 1
1 226986556 1
1 230259056 1
1 230285920 1
1 231108786 1
1 233059771 1
1 233079948 1
1 233724111 1
1 234349998 1
1 234631144 1
1 234675114 1
1 234812028 1
1 234832129 1
1 234987731 1
1 235018217 1
1 236005722 1
1 236109802 1
1 236221896 1
1 236467170 1
1 241696834 1
1 241715268 1
1 241764088 1
1 242406956 1
1 243477017 1
1 243891302 1
1 244482710 1
1 246117602 1
1 246862496 1
1 248849982 1
2 2905536 1
2 2930802 1
2 6485974 1
2 6493231 1
2 8369816 1
2 8442430 1
2 8692574 1
2 9125158 1
2 9688800 1
2 9748439 1
2 11514765 1
2 12596770 1
2 15282310 1
2 16834826 1
2 17994900 1
2 20724922 1
2 20776469 1
2 20778776 1
2 23627274 1
2 25611489 1
2 25809727 1
2 29237798 1
2 29353088 1
2 30556216 1
2 32206104 1
2 32489711 1
2 33824186 1
2 36468042 1
2 37813029 1
2 38099181 1
2 38119895 1
2 38162145 1
2 38303550 1
2 38325996 1
2 38373939 1
2 38489132 1
2 38666169 1
2 38760549 1
2 38950062 1
2 43189666 1
2 43653098 1
2 44935561 1
2 45005856 1
2 45032396 1
2 46064645 1
2 46116623 1
2 46762442 1
2 47348465 1
2 50201364 1
2 54984886 1
2 55094358 1
2 58112767 1
2 58117860 1
2 58259587 1
2 60564066 1
2 60739322 1
2 60743158 1
2 60758397 1
2 60763128 1
2 61034478 1
2 61126777 1
2 61898154 1
2 62326652 1
2 62520859 1
2 62541302 1
2 62590117 1
2 64488032 1
2 64510818 1
2 68645636 1
2 68651306 1
2 68693968 1
2 69782197 1
2 69920872 1
2 70017064 1
2 70331258 1
2 74197996 1
2 74780899 1
2 74812920 1
2 75004964 1
2 75644060 1
2 76027716 1
2 85116178 1
2 86502512 1
2 96658479 1
2 96891146 1
2 96899819 1
2 97429217 1
2 97579383 1
2 98207223 1
2 99330062 1
2 99374648 1
2 99388422 1
2 101541338 1
2 101729378 1
2 102721062 1
2 106308580 1
2 109834490 1
2 111958908 1
2 111977128 1
2 113466704 1
2 113563178 1
2 114148434 1
2 114450437 1
2 119067936 1
2 120189206 1
2 128587630 1
2 130986847 1
2 131143437 1
2 132249877 1
2 135497526 1
2 142292586 1
2 143626020 1
2 144973944 1
2 145082391 1
2 152762920 1
2 152903446 1
2 152919276 1
2 153323660 1
2 153325792 1
2 158326340 1
2 161960528 1
2 162100844 1
2 162915798 1
2 163588756 1
2 171034658 1
2 171069406 1
2 171729812 1
2 172067623 1
2 172368598 1
2 172430822 1
2 177534465 1
2 177862488 1
2 178030583 1
2 179269084 1
2 179395726 1
2 179792617 1
2 179886314 1
2 180860672 1
2 183954218 1
2 188312914 1
2 191224800 1
2 196397636 1
2 196426967 1
2 197041586 1
2 197306238 1
2 197780083 1
2 198010458 1
2 198158320 1
2 206547220 1
2 208153582 1
2 208387723 1
2 214631315 1
2 216922600 1
2 217404725 1
2 220417124 1
2 223595335 1
2 223654231 1
2 224817148 1
2 225818244 1
2 227770626 1
2 227835552 1
2 228276046 1
2 230865384 1
2 230932780 1
2 231448356 1
2 233822718 1
2 234327994 1
2 237454592 1
2 237771850 1
2 238064090 1
2 238813987 1
2 240291543 1
2 241566286 1
2 242089146 1
2 242454984 1
3 4516762 1
3 4873006 1
3 4910174 1
3 4940647 1
3 6291890 1
3 8996808 1
3 9222084 1
3 11766270 1
3 12689438 1
3 13125501 1
3 14258082 1
3 14999760 1
3 15221852 1
3 15387180 1
3 15426246 1
3 15838920 1
3 29365883 1
3 32619368 1
3 38496102 1
3 39369402 1
3 42164557 1
3 42543900 1
3 46249816 1
3 46340987 1
3 47217429 1
3 48268566 1
3 49286421 1
3 52120677 1
3 53017684 1
3 53177302 1
3 53589216 1
3 55517268 1
3 55522712 1
3 57082553 1
3 57657392 1
3 57969652 1
3 57984772 1
3 58020778 1
3 58860228 1
3 61546814 1
3 63953913 1
3 66444226 1
3 67069078 1
3 72034622 1
3 72338681 1
3 72871223 1
3 79068254 1
3 81838110 1
3 81866260 1
3 81873387 1
3 93789494 1
3 99137378 1
3 99929069 1
3 100185113 1
3 105520896 1
3 107318262 1
3 112012908 1
3 112022586 1
3 112627156 1
3 112995270 1
3 113544040 1
3 114131464 1
3 114173668 1
3 114183790 1
3 114905966 1
3 120136546 1
3 120397410 1
3 122041265 1
3 122801416 1
3 128394040 1
3 137190249 1
3 138634698 1
3 141006118 1
3 141050647 1
3 141087915 1
3 141515955 1
3 142801392 1
3 142877419 1
3 142926386 1
3 142955382 1
3 149299702 1
3 150103234 1
3 151095894 1
3 152939724 1
3 158138382 1
3 159620747 1
3 159629212 1
3 159647710 1
3 160383722 1
3 160389212 1
3 169658324 1
3 171065458 1
3 171527708 1
3 171856354 1
3 172353533 1
3 177043188 1
3 177096174 1
3 177160012 1
3 178231810 1
3 178687282 1
3 179603888 1
3 180047040 1
3 183723954 1
3 185277154 1
3 186243696 1
3 186490563 1
3 186683182 1
3 189112473 1
3 190981518 1
3 191841184 1
3 192616808 1
3 193912128 1
3 194033482 1
3 194277388 1
3 194850486 1
3 194929002 1
3 194971966 1
3 195277322 1
3 195627705 1
3 195634807 1
4 1212732 1
4 3060921 1
4 4504667 1
4 6944251 1
4 7773482 1
4 7941648 1
4 9989790 1
4 10729034 1
4 10734382 1
4 11472356 1
4 25333133 1
4 26195647 1
4 36325058 1
4 37677390 1
4 39038863 1
4 39611372 1
4 40175306 1
4 40517665 1
4 40553286 1
4 40625108 1
4 40658527 1
4 40926546 1
4 41191564 1
4 42334219 1
4 42393188 1
4 43765586 1
4 47521909 1
4 53508336 1
4 54520186 1
4 54611002 1
4 54614608 1
4 68446999 1
4 68627834 1
4 71544464 1
4 71600573 1
4 71729302 1
4 74455787 1
4 76933240 1
4 77120414 1
4 77680390 1
4 79671517 1
4 82393151 1
4 84101923 1
4 84138832 1
4 84140856 1
4 84174006 1
4 84255849 1
4 84457152 1
4 86396338 1
4 89300312 1
4 90022560 1
4 94670320 1
4 102712128 1
4 103546756 1
4 105982336 1
4 106112985 1
4 106227667 1
4 106515754 1
4 114238303 1
4 121670694 1
4 122121320 1
4 123653893 1
4 123748660 1
4 123844032 1
4 129474547 1
4 129596457 1
4 129834698 1
4 132269614 1
4 139262778 1
4 140579128 1
4 142228884 1
4 142231018 1
4 144280577 1
4 144293698 1
4 144299996 1
4 146220598 1
4 146641706 1
4 146749984 1
4 147081117 1
4 148471886 1
4 152809216 1
4 153618152 1
4 154443692 1
4 159131553 1
4 162475956 1
4 164512572 1
4 165798452 1
4 166216141 1
4 166966936 1
4 167583781 1
4 167761394 1
4 174415444 1
4 183753979 1
4 185303810 1
4 185317296 1
4 185776239 1
4 186401530 1
5 1536555 1
5 1782321 1
5 1793335 1
5 6737469 1
5 14251652 1
5 14676172 1
5 32211286 1
5 33824690 1
5 34656420 1
5 37848176 1
5 39274942 1
5 41740696 1
5 42908976 1
5 43041508 1
5 55776714 1
5 55965929 1
5 55982989 1
5 61552542 1
5 61581427 1
5 64344424 1
5 66502490 1
5 67338026 1
5 67437180 1
5 67742424 1
5 67752558 1
5 68728614 1
5 68763833 1
5 71078699 1
5 71203222 1
5 71761858 1
5 72959647 1
5 73787017 1
5 74862509 1
5 75260045 1
5 75395492 1
5 75471973 1
5 75699349 1
5 75839117 1
5 76012063 1
5 76382927 1
5 77148264 1
5 78201521 1
5 79438424 1
5 82767346 1
5 83556008 1
5 86371206 1
5 86399606 1
5 86486725 1
5 87798524 1
5 88731932 1
5 89936876 1
5 94129254 1
5 94365634 1
5 95096436 1
5 95158752 1
5 96258653 1
5 101632182 1
5 106907270 1
5 107007208 1
5 107148422 1
5 107149590 1
5 110088118 1
5 111665487 1
5 111682562 1
5 112305517 1
5 112630515 1
5 115988162 1
5 116466844 1
5 118368204 1
5 121648056 1
5 121749008 1
5 124257398 1
5 124288104 1
5 126083874 1
5 126323968 1
5 126334156 1
5 128461956 1
5 131436880 1
5 132580166 1
5 133404722 1
5 133576508 1
5 137071194 1
5 137073092 1
5 137192886 1
5 137937250 1
5 138078233 1
5 138603933 1
5 138839010 1
5 138861920 1
5 139721990 1
5 139737201 1
5 140729762 1
5 140810244 1
5 140985422 1
5 141340660 1
5 142092722 1
5 142382102 1
5 142384102 1
5 142446617 1
5 142813183 1
5 142985236 1
5 143192085 1
5 143359016 1
5 143571591 1
5 148997884 1
5 149060368 1
5 150170137 1
5 150620908 1
5 150992896 1
5 153882816 1
5 154062390 1
5 155829654 1
5 156359513 1
5 157836616 1
5 157862526 1
5 158202588 1
5 158269130 1
5 158338064 1
5 159587306 1
5 159658480 1
5 163343223 1
5 169232602 1
5 169739828 1
5 169766289 1
5 171405043 1
5 172115672 1
5 173043392 1
5 176023751 1
5 179398101 1
5 180577443 1
6 236376 1
6 1555296 1
6 3203539 1
6 3356479 1
6 3743121 1
6 3794418 1
6 3804360 1
6 5278821 1
6 5303110 1
6 5338815 1
6 5507077 1
6 5567971 1
6 7087518 1
6 9766582 1
6 10426904 1
6 10521560 1
6 10536101 1
6 10540737 1
6 11346910 1
6 11515209 1
6 11825427 1
6 12048018 1
6 12114114 1
6 12119505 1
6 12357686 1
6 12608934 1
6 13261452 1
6 14075450 1
6 14911278 1
6 15421505 1
6 15962658 1
6 16512636 1
6 16837021 1
6 21189268 1
6 21213834 1
6 24518246 1
6 24521475 1
6 24936576 1
6 25071007 1
6 26365100 1
6 26402468 1
6 26441152 1
6 27280556 1
6 27440434 1
6 27526220 1
6 28324044 1
6 29596416 1
6 30010862 1
6 30187298 1
6 30476546 1
6 30495900 1
6 32223248 1
6 32765323 1
6 33025236 1
6 33312373 1
6 34607444 1
6 35687330 1
6 36308728 1
6 36355160 1
6 36724410 1
6 37751593 1
6 38203204 1
6 38288540 1
6 41168540 1
6 41978202 1
6 41993314 1
6 42488936 1
6 43044156 1
6 43352044 1
6 43969587 1
6 45645421 1
6 52161984 1
6 52254689 1
6 52356380 1
6 53213163 1
6 56756079 1
6 64308511 1
6 70506330 1
6 70523497 1
6 70525783 1
6 70605272 1
6 76202882 1
6 78176471 1
6 82462756 1
6 83796734 1
6 84140680 1
6 88435074 1
6 88447073 1
6 88517112 1
6 88542149 1
6 88632699 1
6 88889444 1
6 89351438 1
6 106094419 1
6 106572838 1
6 106574177 1
6 106895980 1
6 111434988 1
6 111727478 1
6 112194030 1
6 112311326 1
6 112314284 1
6 112337868 1
6 112364495 1
6 113971154 1
6 114077138 1
6 114084740 1
6 114194474 1
6 118985919 1
6 119030783 1
6 119040858 1
6 119166255 1
6 119635080 1
6 126129436 1
6 127040320 1
6 129812004 1
6 129993456 1
6 135351268 1
6 135450084 1
6 135486386 1
6 137041158 1
6 137493080 1
6 138089708 1
6 138914315 1
6 139613320 1
6 140907389 1
6 143141220 1
6 143223908 1
6 144223501 1
6 144376582 1
6 146188584 1
6 149022181 1
6 149532079 1
6 149804354 1
6 150259992 1
6 150954470 1
6 151134990 1
6 151219682 1
6 151308746 1
6 155674073 1
6 155739470 1
6 156956752 1
6 156958834 1
6 156980897 1
6 158665200 1
6 158692486 1
6 158939340 1
6 159070468 1
6 163881534 1
6 164129126 1
6 167492180 1
7 852917 1
7 1039978 1
7 2797994 1
7 7801493 1
7 7802298 1
7 20233402 1
7 20257225 1
7 21392602 1
7 21452216 1
7 21938147 1
7 22390856 1
7 22484726 1
7 24635600 1
7 25980708 1
7 26007786 1
7 30324805 1
7 37448374 1
7 37749546 1
7 37826556 1
7 37855876 1
7 37866713 1
7 41849912 1
7 41928814 1
7 43719303 1
7 43775731 1
7 44896753 1
7 45683552 1
7 55377322 1
7 64712701 1
7 69290172 1
7 69355066 1
7 69371412 1
7 69703478 1
7 69880794 1
7 70194271 1
7 72814094 1
7 74031742 1
7 75164441 1
7 75993790 1
7 90406674 1
7 92271574 1
7 92747326 1
7 93790382 1
7 101384416 1
7 101500350 1
7 103047343 1
7 105987948 1
7 106065780 1
7 106193524 1
7 106767170 1
7 110653298 1
7 110778422 1
7 116139528 1
7 116152098 1
7 117421244 1
7 128735466 1
7 128864881 1
7 129591038 1
7 130126454 1
7 130916350 1
7 134585200 1
7 137355742 1
7 138571595 1
7 139555462 1
7 140076054 1
7 144081806 1
7 150368212 1
7 150484858 1
7 151037052 1
7 152272294 1
7 154720150 1
7 156573698 1
7 157095054 1
8 903825 1
8 6275331 1
8 8350517 1
8 8406358 1
8 8498332 1
8 8655116 1
8 8729672 1
8 8775341 1
8 8946316 1
8 11309742 1
8 11389227 1
8 11391311 1
8 11755082 1
8 23366685 1
8 27941443 1
8 29146828 1
8 29150199 1
8 29326964 1
8 29357038 1
8 29381984 1
8 29499399 1
8 29631751 1
8 37643902 1
8 37662166 1
8 39809416 1
8 41545626 1
8 41649896 1
8 42123452 1
8 50164424 1
8 52913876 1
8 54793897 1
8 54819390 1
8 56023825 1
8 56832294 1
8 59065420 1
8 59508890 1
8 60031252 1
8 61823276 1
8 61829102 1
8 61842100 1
8 61892156 1
8 61911744 1
8 62581556 1
8 65776366 1
8 66927494 1
8 67036413 1
8 67398457 1
8 68737422 1
8 70651004 1
8 70907163 1
8 71065280 1
8 71133128 1
8 72171773 1
8 72836332 1
8 74904180 1
8 80967397 1
8 81051052 1
8 82066426 1
8 82225298 1
8 82644726 1
8 85919926 1
8 86426157 1
8 90741300 1
8 90860761 1
8 95077993 1
8 96086803 1
8 96105463 1
8 96110230 1
8 96149864 1
8 96187492 1
8 98596958 1
8 98608572 1
8 98609709 1
8 101527558 1
8 102915156 1
8 103597988 1
8 103647444 1
8 103675030 1
8 103786802 1
8 103807771 1
8 103910806 1
8 103937567 1
8 103991920 1
8 104418900 1
8 105677876 1
8 110604788 1
8 110657322 1
8 119101926 1
8 119294208 1
8 119576948 1
8 119964244 1
8 120651476 1
8 120886065 1
8 123794028 1
8 123931664 1
8 123933081 1
8 124529250 1
8 125672663 1
8 126237682 1
8 126346487 1
8 126430240 1
8 126592052 1
8 126617040 1
8 129279678 1
8 131000984 1
8 131076681 1
8 131291529 1
8 134403506 1
8 135583494 1
8 135732296 1
8 137308948 1
8 142255622 1
8 142384365 1
9 3398377 1
9 4465022 1
9 4763126 1
9 4939133 1
9 6106986 1
9 15295992 1
9 15529986 1
9 16461920 1
9 19161858 1
9 19184245 1
9 19441940 1
9 32218216 1
9 33473965 1
9 37472392 1
9 37529292 1
9 37531732 1
9 37954236 1
9 71255483 1
9 71417631 1
9 79018614 1
9 79087579 1
9 79191457 1
9 79502654 1
9 82239292 1
9 86900686 1
9 86908522 1
9 87671003 1
9 92133960 1
9 92137491 1
9 92170532 1
9 92321792 1
9 92762162 1
9 95168987 1
9 95296947 1
9 98256992 1
9 98615305 1
9 98620368 1
9 100797617 1
9 100802136 1
9 100866628 1
9 100871176 1
9 108418686 1
9 109515629 1
9 109981726 1
9 110514200 1
9 112173938 1
9 112736491 1
9 112784417 1
9 112890110 1
9 113800988 1
9 114821799 1
9 115367946 1
9 116343106 1
9 117751608 1
9 124320566 1
9 126080823 1
9 127001923 1
9 127580974 1
9 127586662 1
9 128412474 1
9 128463722 1
9 130030490 1
9 130533590 1
9 130770154 1
9 130789276 1
9 130830309 1
9 130834982 1
9 131783563 1
9 131911581 1
9 132770390 1
9 132835428 1
9 133003312 1
9 133031288 1
9 133641526 1
9 133918890 1
9 134151150 1
9 136286565 1
9 139117475 1
9 139990418 1
9 140044352 1
9 140760830 1
10 173829 1
10 307090 1
10 3091074 1
10 3668910 1
10 3807346 1
10 3853932 1
10 3930330 1
10 5886437 1
10 5888268 1
10 5894440 1
10 6092686 1
10 6110740 1
10 6114344 1
10 6183283 1
10 6389982 1
10 7554623 1
10 11189786 1
10 11596296 1
10 11620806 1
10 11715933 1
10 12090744 1
10 12095835 1
10 13819074 1
10 14066513 1
10 15296633 1
10 16830228 1
10 20292992 1
10 22178508 1
10 22185090 1
10 22919431 1
10 23304210 1
10 25176670 1
10 26662034 1
10 30709262 1
10 30779409 1
10 30818578 1
10 31673421 1
10 35098333 1
10 35438236 1
10 44531389 1
10 44788897 1
10 45965980 1
10 46076354 1
10 49782814 1
10 49876346 1
10 62491570 1
10 63735008 1
10 64003378 1
10 64493160 1
10 64529764 1
10 64590422 1
10 64752418 1
10 69530666 1
10 70816972 1
10 70964219 1
10 73381950 1
10 73404422 1
10 73427092 1
10 73620366 1
10 75405042 1
10 75563856 1
10 75718532 1
10 76345784 1
10 77162284 1
10 85305890 1
10 87706691 1
10 89851116 1
10 89867944 1
10 89873882 1
10 89876976 1
10 90146638 1
10 90585122 1
10 90734876 1
10 91020423 1
10 91088104 1
10 92706942 1
10 92777098 1
10 95262812 1
10 97070122 1
10 97153362 1
10 97723536 1
10 98047629 1
10 98784096 1
10 99079570 1
10 101780428 1
10 103484905 1
10 103733283 1
10 103761771 1
10 103985930 1
10 105302752 1
10 108691184 1
10 108717932 1
10 109755125 1
10 111837096 1
10 111969536 1
10 112078358 1
10 112084734 1
10 112174226 1
10 112185784 1
10 112224744 1
10 112534028 1
10 112617806 1
10 116157568 1
10 116162974 1
10 116258860 1
10 116761600 1
10 116782663 1
10 123438601 1
10 126029817 1
10 126329814 1
10 126421911 1
10 126659696 1
10 131940194 1
10 134201416 1
10 134401844 1
11 225912 1
11 3043892 1
11 3057777 1
11 3888832 1
11 3892646 1
11 4079470 1
11 5653190 1
11 6947970 1
11 7495198 1
11 8008613 1
11 8190660 1
11 8555089 1
11 8739504 1
11 9230596 1
11 9703340 1
11 10480910 1
11 15991064 1
11 16924432 1
11 18265683 1
11 18720197 1
11 31832691 1
11 32552114 1
11 32797660 1
11 34202170 1
11 35028894 1
11 35072167 1
11 35111664 1
11 35335142 1
11 35352592 1
11 44132112 1
11 45376978 1
11 46271362 1
11 46331391 1
11 46582264 1
11 47613542 1
11 48023298 1
11 48027800 1
11 57315207 1
11 58984421 1
11 58992058 1
11 62308650 1
11 63304620 1
11 64936930 1
11 65724483 1
11 65812735 1
11 66226930 1
11 66795482 1
11 66873616 1
11 66880835 1
11 67148926 1
11 67227502 1
11 67368249 1
11 67858356 1
11 68611234 1
11 69065430 1
11 71780834 1
11 76631352 1
11 77129784 1
11 77153544 1
11 77934564 1
11 83392749 1
11 83393720 1
11 85850148 1
11 88034908 1
11 88087516 1
11 95433632 1
11 102159084 1
11 102431852 1
11 102979880 1
11 108597404 1
11 109816994 1
11 109898026 1
11 111048363 1
11 118122920 1
11 118586266 1
11 118705270 1
11 118712568 1
11 118741286 1
11 118799970 1
11 119565079 1
11 119580284 1
11 119623108 1
11 119938955 1
11 120435484 1
11 122588268 1
11 123253340 1
11 123431120 1
11 128595928 1
11 131894684 1
11 133826954 1
11 134145906 1
12 776310 1
12 794707 1
12 1711375 1
12 1739248 1
12 5052856 1
12 6276806 1
12 6753376 1
12 6772324 1
12 8276574 1
12 9894610 1
12 9950740 1
12 10022295 1
12 11698905 1
12 11708900 1
12 11733199 1
12 11933582 1
12 12224266 1
12 12659024 1
12 12701647 1
12 12735837 1
12 15724197 1
12 16759219 1
12 19584923 1
12 25310930 1
12 26278848 1
12 27332516 1
12 27373847 1
12 27687534 1
12 29395154 1
12 32028111 1
12 32405472 1
12 32419127 1
12 40954813 1
12 46568489 1
12 47609971 1
12 49975058 1
12 50640694 1
12 51055412 1
12 51763042 1
12 52435903 1
12 52512318 1
12 52513742 1
12 53661956 1
12 53971814 1
12 54120593 1
12 54758534 1
12 56067580 1
12 56959690 1
12 58008415 1
12 65254474 1
12 66218952 1
12 66275573 1
12 66449966 1
12 66465882 1
12 67843660 1
12 76414947 1
12 76537296 1
12 78241377 1
12 81097102 1
12 90344099 1
12 92428952 1
12 92602774 1
12 92793468 1
12 93389232 1
12 93578304 1
12 94634209 1
12 96589423 1
12 96895206 1
12 99006940 1
12 99847418 1
12 102303515 1
12 102897288 1
12 103122654 1
12 104274679 1
12 104888244 1
12 106158990 1
12 107147634 1
12 108714180 1
12 110449530 1
12 111537032 1
12 112741044 1
12 113646083 1
12 115919280 1
12 116561717 1
12 116610204 1
12 116632971 1
12 116774668 1
12 116985987 1
12 120219656 1
12 120740284 1
12 121100904 1
12 121115936 1
12 121260914 1
12 121272154 1
12 121714795 1
12 122018612 1
12 122028816 1
12 122097002 1
12 122937921 1
12 122938648 1
12 123210578 1
12 124615654 1
12 125353680 1
12 125634354 1
12 127568112 1
12 129314821 1
12 131727440 1
12 132293516 1
12 133069201 1
13 20735784 1
13 20793782 1
13 22689029 1
13 24125992 1
13 24463400 1
13 25200248 1
13 25688986 1
13 27056716 1
13 27750731 1
13 27927565 1
13 28051650 1
13 28631454 1
13 29699990 1
13 30509942 1
13 30694288 1
13 30946258 1
13 30948803 1
13 30969369 1
13 31167315 1
13 32539917 1
13 32982400 1
13 33311348 1
13 33403979 1
13 33778600 1
13 33780332 1
13 34302922 1
13 34361440 1
13 40781214 1
13 41227260 1
13 42846380 1
13 43619317 1
13 49079880 1
13 49975690 1
13 50194500 1
13 52158930 1
13 52278486 1
13 52368211 1
13 53495369 1
13 59966124 1
13 61001615 1
13 61821776 1
13 62783782 1
13 74601182 1
13 74636326 1
13 74637312 1
13 75940085 1
13 76221634 1
13 95879372 1
13 96297334 1
13 97876161 1
13 100195358 1
13 100377696 1
13 103659491 1
13 109568310 1
13 110774384 1
13 110790604 1
13 111228074 1
13 114427980 1
14 20958487 1
14 20959966 1
14 21266714 1
14 23217992 1
14 23272908 1
14 23292266 1
14 23589640 1
14 24346452 1
14 25134904 1
14 25143226 1
14 31318759 1
14 33153083 1
14 34425983 1
14 35400342 1
14 35809243 1
14 39917045 1
14 46279686 1
14 50428820 1
14 50505370 1
14 50552732 1
14 51326694 1
14 51670066 1
14 54999654 1
14 55196994 1
14 55539174 1
14 55647392 1
14 59674384 1
14 60650448 1
14 61969845 1
14 63750135 1
14 63951068 1
14 64215755 1
14 64331114 1
14 65470106 1
14 65636072 1
14 65637690 1
14 65749425 1
14 68283157 1
14 68760444 1
14 69908868 1
14 70654756 1
14 71339148 1
14 71991232 1
14 72410104 1
14 73970516 1
14 74868853 1
14 75688895 1
14 75725892 1
14 75954308 1
14 76044324 1
14 76702263 1
14 77371375 1
14 77396468 1
14 77408770 1
14 78074345 1
14 81408273 1
14 88472329 1
14 89631501 1
14 90056032 1
14 90240159 1
14 91476107 1
14 91527006 1
14 91716599 1
14 91855035 1
14 92726542 1
14 93479778 1
14 93527484 1
14 96164328 1
14 96166065 1
14 96544950 1
14 97165484 1
14 97362158 1
14 97587053 1
14 97875406 1
14 102241316 1
14 103367928 1
14 106284828 1
14 107154748 1
15 22460934 1
15 38365116 1
15 40374564 1
15 40408014 1
15 40475542 1
15 40626407 1
15 41551498 1
15 41721793 1
15 42091492 1
15 43415472 1
15 43542068 1
15 43546000 1
15 43931150 1
15 45028302 1
15 45997609 1
15 51147020 1
15 51177739 1
15 51362212 1
15 52300987 1
15 52394556 1
15 55547921 1
15 57199602 1
15 58661844 1
15 58702826 1
15 58860624 1
15 59016927 1
15 59809373 1
15 59836046 1
15 64722515 1
15 65222990 1
15 66065899 1
15 66113752 1
15 66116642 1
15 66125390 1
15 66985401 1
15 68254352 1
15 69737422 1
15 70771182 1
15 72096948 1
15 74449388 1
15 74485992 1
15 74608009 1
15 75301170 1
15 75388036 1
15 77306698 1
15 77471966 1
15 78311476 1
15 79270683 1
15 79296849 1
15 84598374 1
15 86018579 1
15 90209065 1
15 90956138 1
15 91114426 1
15 91373229 1
15 91530664 1
15 91643752 1
15 96212732 1
15 96517232 1
15 99143617 1
15 99496089 1
15 99630467 1
15 100017310 1
15 100026314 1
16 1392944 1
16 1670624 1
16 3481900 1
16 4565706 1
16 4579667 1
16 9171319 1
16 10423678 1
16 10874680 1
16 11589790 1
16 11707677 1
16 13484722 1
16 14051183 1
16 17164888 1
16 17502989 1
16 17554034 1
16 18943267 1
16 19179764 1
16 19305832 1
16 19788839 1
16 20886136 1
16 22364878 1
16 23347600 1
16 24674360 1
16 25050082 1
16 25055557 1
16 27296850 1
16 28943843 1
16 29664910 1
16 30441225 1
16 31271335 1
16 46646272 1
16 46924118 1
16 47345497 1
16 47813686 1
16 48135383 1
16 48657512 1
16 48942396 1
16 49735589 1
16 49958141 1
16 50507786 1
16 54964359 1
16 56643990 1
16 57015174 1
16 57509764 1
16 57564180 1
16 57644108 1
16 62673144 1
16 66907302 1
16 68153296 1
16 69555087 1
16 70442104 1
16 72821507 1
16 75252361 1
16 75512216 1
16 75795621 1
16 78776828 1
16 80265950 1
16 80614182 1
16 80926322 1
16 81659571 1
16 81831361 1
16 85138610 1
16 85170082 1
16 86022838 1
16 86029310 1
16 87422011 1
16 87495404 1
16 87814290 1
16 87979105 1
16 89181982 1
16 89930666 1
17 1470110 1
17 2394478 1
17 4316368 1
17 5689280 1
17 7108405 1
17 7452328 1
17 9936987 1
17 9955870 1
17 9962700 1
17 12763066 1
17 17082978 1
17 18057297 1
17 21002234 1
17 21044294 1
17 25666081 1
17 25800862 1
17 26135536 1
17 27139311 1
17 27486452 1
17 27522675 1
17 28878124 1
17 29136276 1
17 29285316 1
17 29641224 1
17 30007108 1
17 30878442 1
17 30896568 1
17 31156026 1
17 31162458 1
17 33373783 1
17 34409754 1
17 35504382 1
17 35749232 1
17 37123742 1
17 37894778 1
17 38096293 1
17 38309772 1
17 38738934 1
17 38755016 1
17 40148294 1
17 41387150 1
17 43407135 1
17 43697492 1
17 47465720 1
17 48076018 1
17 48906154 1
17 53167579 1
17 57903810 1
17 58212708 1
17 63019346 1
17 63151718 1
17 63911170 1
17 65437382 1
17 65590569 1
17 66342933 1
17 66484390 1
17 66791296 1
17 67499341 1
17 68134045 1
17 70517166 1
17 71153097 1
17 72281114 1
17 72508958 1
17 73246070 1
17 73684938 1
17 73860776 1
17 74258728 1
17 74511721 1
17 75184780 1
17 75437510 1
17 77034940 1
17 78579383 1
17 78711802 1
17 78851246 1
17 78865699 1
17 78992202 1
17 79528081 1
17 79565532 1
17 80255745 1
17 81147830 1
18 2571684 1
18 2961404 1
18 2971148 1
18 3061202 1
18 5310286 1
18 8604276 1
18 9069916 1
18 9354023 1
18 12838966 1
18 13613729 1
18 20251325 1
18 20847342 1
18 21003076 1
18 21199330 1
18 21572868 1
18 21580416 1
18 22744800 1
18 24038777 1
18 28681292 1
18 31938076 1
18 31939018 1
18 32610114 1
18 32630128 1
18 39527164 1
18 42419354 1
18 43578124 1
18 45428336 1
18 46451264 1
18 46695494 1
18 48346680 1
18 48359140 1
18 49479809 1
18 51788296 1
18 52732054 1
18 54315405 1
18 55956856 1
18 56230263 1
18 56614185 1
18 56633030 1
18 57590912 1
18 60318918 1
18 60773830 1
18 67862366 1
18 68678821 1
18 72509439 1
18 73029873 1
18 74163150 1
18 74774734 1
18 74859558 1
18 77283280 1
18 77863560 1
18 77971288 1
19 262256 1
19 1661204 1
19 2258330 1
19 2543997 1
19 2552864 1
19 2620786 1
19 3133547 1
19 4338479 1
19 6087602 1
19 6522408 1
19 6544105 1
19 6641858 1
19 7192696 1
19 7445476 1
19 7452452 1
19 8258906 1
19 9969074 1
19 10975166 1
19 10983169 1
19 11390598 1
19 12750904 1
19 13123864 1
19 13372230 1
19 13386360 1
19 13388344 1
19 14239090 1
19 14480878 1
19 15334202 1
19 17377410 1
19 17961370 1
19 18061742 1
19 19702232 1
19 19709296 1
19 19773540 1
19 35464388 1
19 35480220 1
19 35558004 1
19 35731422 1
19 35865758 1
19 35927552 1
19 36000856 1
19 36187750 1
19 38477030 1
19 38827102 1
19 39042286 1
19 39050444 1
19 39351588 1
19 39523198 1
19 40049182 1
19 40285816 1
19 40309380 1
19 40443224 1
19 40650154 1
19 42449737 1
19 43002244 1
19 43968128 1
19 45829761 1
19 45943228 1
19 47137322 1
19 48922586 1
19 48936669 1
19 49907074 1
19 50016604 1
19 50682168 1
19 51373758 1
19 51379658 1
19 54024078 1
19 54600341 1
19 54929532 1
19 54982588 1
19 55032804 1
19 55085158 1
19 55118928 1
19 55128805 1
19 55449530 1
19 55791921 1
20 1712324 1
20 2964930 1
20 3961390 1
20 4954293 1
20 5059074 1
20 5107860 1
20 5672761 1
20 10434096 1
20 15313886 1
20 17986292 1
20 19638974 1
20 20661898 1
20 22384442 1
20 23099043 1
20 30205590 1
20 30449231 1
20 30622598 1
20 31215430 1
20 33759917 1
20 35185221 1
20 35386304 1
20 35936941 1
20 36322488 1
20 37626658 1
20 39640896 1
20 42579018 1
20 42698188 1
20 45825368 1
20 45980936 1
20 46631242 1
20 47400218 1
20 47477940 1
20 48902752 1
20 48998900 1
20 49058359 1
20 49432454 1
20 49435418 1
20 50117034 1
20 51618210 1
20 52277480 1
20 52323354 1
20 52456298 1
20 56048380 1
20 58327730 1
21 16424035 1
21 19156772 1
21 26884834 1
21 30472639 1
21 30608177 1
21 34302084 1
21 34577528 1
21 34681350 1
21 35356484 1
21 35402546 1
21 35899174 1
21 36306311 1
21 38646282 1
21 38905558 1
21 39004138 1
21 40139085 1
21 42792336 1
21 43282702 1
21 43285138 1
21 43528250 1
21 43870042 1
21 44830070 1
21 45313606 1
21 45342080 1
22 17785151 1
22 18447660 1
22 19606896 1
22 19609738 1
22 22424768 1
22 22947250 1
22 23063346 1
22 24189042 1
22 24899717 1
22 26875762 1
22 26931048 1
22 26988594 1
22 27061694 1
22 29810966 1
22 33868462 1
22 35450206 1
22 35524470 1
22 36848164 1
22 37194234 1
22 37938115 1
22 38663276 1
22 39513877 1
22 39784812 1
22 39843506 1
22 40357598 1
22 40612054 1
22 40781326 1
22 41079168 1
22 41801828 1
22 42427344 1
22 42793070 1
22 42815652 1
22 43039252 1
22 43061435 1
22 44443956 1
22 45525912 1
22 45636499 1
22 45642702 1
22 45714456 1
22 47150233 1
22 50051118 1
22 50154424 1
22 50364570 1
22 51060162 1
23 3618078 1
23 10051178 1
23 11683176 1
23 13004635 1
23 13492258 1
23 13680427 1
23 15170020 1
23 15176982 1
23 15222589 1
23 15756595 1
23 15800652 1
23 15921620 1
23 16138408 1
23 20159782 1
23 24261068 1
23 29496728 1
23 30840501 1
23 31111671 1
23 38739474 1
23 39299952 1
23 39473383 1
23 40060951 1
23 40159104 1
23 40813005 1
23 40869642 1
23 40976341 1
23 42803866 1
23 46433404 1
23 46575865 1
23 46651817 1
23 47221500 1
23 48327292 1
23 48901612 1
23 57313260 1
23 62570940 1
23 70142223 1
23 70857387 1
23 71241222 1
23 73834303 1
23 77906625 1
23 78178983 1
23 80376686 1
23 83442944 1
23 84634550 1
23 95940152 1
23 102659759 1
23 102942218 1
23 106954366 1
23 106985452 1
23 112004774 1
23 114795804 1
23 118819877 1
23 118909912 1
23 119421270 1
23 119888966 1
23 120295176 1
23 122542786 1
23 129218485 1
23 131121546 1
23 133941318 1
23 135792834 1
23 153762780 1
23 154209385 1
1 1220902 0
1 1306866 0
1 1403704 0
1 1957146 0
1 2324544 0
1 3409836 0
1 4064036 0
1 5541320 0
1 7411240 0
1 7805718 0
1 9398040 0
1 9751592 0
1 12210494 0
1 14124826 0
1 14431774 0
1 18735600 0
1 19255416 0
1 19644388 0
1 20802978 0
1 23100208 0
1 28101004 0
1 28146756 0
1 30026352 0
1 30259470 0
1 30413102 0
1 34506214 0
1 41729984 0
1 42405156 0
1 42504068 0
1 43359014 0
1 48703492 0
1 49951812 0
1 51787418 0
1 53745838 0
1 55834342 0
1 57112188 0
1 57112786 0
1 57680866 0
1 59019196 0
1 59896624 0
1 61208202 0
1 62001192 0
1 63565964 0
1 63993562 0
1 67635242 0
1 69280604 0
1 69575374 0
1 76786126 0
1 80040260 0
1 81079030 0
1 84428126 0
1 85224778 0
1 85428578 0
1 86279054 0
1 95102818 0
1 95452902 0
1 95917284 0
1 96009238 0
1 98269960 0
1 98803386 0
1 101927610 0
1 102329984 0
1 102784348 0
1 105248914 0
1 109263758 0
1 109803108 0
1 112138794 0
1 113471806 0
1 114545502 0
1 118757332 0
1 122661128 0
1 123584732 0
1 125793290 0
1 128508544 0
1 128604404 0
1 128621560 0
1 129035088 0
1 131683152 0
1 132515638 0
1 133106790 0
1 134595984 0
1 134985088 0
1 135462532 0
1 136920450 0
1 138004592 0
1 138866992 0
1 140730182 0
1 141024152 0
1 141709026 0
1 142298460 0
1 143315668 0
1 143775550 0
1 147199708 0
1 148425536 0
1 148890612 0
1 149905330 0
1 150105782 0
1 150894672 0
1 153232120 0
1 153869262 0
1 154463094 0
1 155312196 0
1 156754476 0
1 158215490 0
1 159168106 0
1 159834414 0
1 162360636 0
1 165278040 0
1 166837924 0
1 167223382 0
1 167244030 0
1 169082298 0
1 169526392 0
1 170099996 0
1 170246212 0
1 170537052 0
1 171623194 0
1 173011098 0
1 173459800 0
1 176481032 0
1 178853406 0
1 179180322 0
1 179562286 0
1 180210356 0
1 181994780 0
1 184805642 0
1 186325200 0
1 195437390 0
1 196243632 0
1 196688922 0
1 199688396 0
1 201960108 0
1 202199208 0
1 202413094 0
1 203681954 0
1 204857344 0
1 209077220 0
1 213143536 0
1 213631122 0
1 215310458 0
1 217354096 0
1 221865718 0
1 222054016 0
1 223805674 0
1 224182568 0
1 226252946 0
1 227728696 0
1 229744196 0
1 230270368 0
1 230559760 0
1 230615376 0
1 230872654 0
1 231152258 0
1 234830536 0
1 236282858 0
1 236415972 0
1 237947370 0
1 240017502 0
1 240353578 0
1 240837942 0
1 241323750 0
1 241393920 0
1 241959750 0
1 242232758 0
1 243505152 0
1 244289310 0
1 246843732 0
1 248601122 0
1 248909610 0
2 1785112 0
2 5166564 0
2 8334242 0
2 8399992 0
2 9081522 0
2 11362898 0
2 12384046 0
2 12469974 0
2 13124376 0
2 13617106 0
2 13981190 0
2 14497684 0
2 14640642 0
2 14837056 0
2 16110782 0
2 16678092 0
2 19591950 0
2 19758074 0
2 20339546 0
2 21313836 0
2 21591610 0
2 26121446 0
2 30120370 0
2 32534632 0
2 36477880 0
2 36995860 0
2 37974462 0
2 38694618 0
2 39503592 0
2 39757756 0
2 40455754 0
2 40546146 0
2 40833254 0
2 43189156 0
2 45882210 0
2 46345390 0
2 49393146 0
2 51324892 0
2 51683466 0
2 52952330 0
2 54763368 0
2 56176090 0
2 56534442 0
2 58457428 0
2 59206720 0
2 60871954 0
2 62322628 0
2 63763894 0
2 66763490 0
2 67960816 0
2 68489812 0
2 69368824 0
2 69646140 0
2 70885144 0
2 77743814 0
2 77943932 0
2 78709740 0
2 80609862 0
2 82412084 0
2 83452842 0
2 86669416 0
2 88882358 0
2 90852936 0
2 91255536 0
2 92585516 0
2 93070736 0
2 93479002 0
2 94039680 0
2 94344408 0
2 94707478 0
2 94905438 0
2 95145684 0
2 96260924 0
2 96995580 0
2 98185468 0
2 100265498 0
2 103260382 0
2 103458142 0
2 104634162 0
2 115401384 0
2 117683146 0
2 118992276 0
2 120241668 0
2 124852440 0
2 125853898 0
2 129081290 0
2 129147452 0
2 130137874 0
2 134096080 0
2 136231216 0
2 136620838 0
2 137259176 0
2 138745282 0
2 143442026 0
2 144103656 0
2 144656470 0
2 146201946 0
2 146779968 0
2 147572714 0
2 148132276 0
2 149330212 0
2 150124040 0
2 150790822 0
2 151055556 0
2 152056948 0
2 154214418 0
2 154714076 0
2 156710064 0
2 157979146 0
2 164574400 0
2 165272812 0
2 167656254 0
2 168058810 0
2 168458322 0
2 169884362 0
2 170199428 0
2 171030182 0
2 171394584 0
2 172037834 0
2 174399522 0
2 174819564 0
2 175283156 0
2 176991566 0
2 177272460 0
2 178768912 0
2 179407114 0
2 182382250 0
2 182853026 0
2 188324248 0
2 195551114 0
2 199019890 0
2 201058208 0
2 201523986 0
2 203531180 0
2 203879728 0
2 204585684 0
2 208424696 0
2 212368598 0
2 212859250 0
2 213288050 0
2 213903670 0
2 214237838 0
2 214668784 0
2 216213214 0
2 221076502 0
2 222548112 0
2 223846786 0
2 228062446 0
2 228770056 0
2 233948394 0
2 234051480 0
2 235989604 0
2 236073100 0
2 236410712 0
2 236923868 0
2 237535892 0
2 239498586 0
2 240023394 0
2 240320898 0
2 241272024 0
3 2059292 0
3 6557298 0
3 6778410 0
3 8672434 0
3 8882882 0
3 9230024 0
3 10709184 0
3 16372276 0
3 17710344 0
3 18943140 0
3 19274190 0
3 19463552 0
3 23343826 0
3 23366376 0
3 24691922 0
3 25071250 0
3 25113068 0
3 27005768 0
3 29946066 0
3 32644708 0
3 34784168 0
3 35087074 0
3 35988628 0
3 37544862 0
3 37927422 0
3 39186430 0
3 41497256 0
3 43835328 0
3 45166282 0
3 45171206 0
3 47460748 0
3 47654050 0
3 49115414 0
3 50600142 0
3 50860552 0
3 52902010 0
3 53080706 0
3 58507926 0
3 58870000 0
3 61170612 0
3 63920926 0
3 64124532 0
3 64365160 0
3 66201164 0
3 67382834 0
3 67538984 0
3 68496522 0
3 69966816 0
3 70476076 0
3 71139630 0
3 71976602 0
3 72938118 0
3 75296052 0
3 76504354 0
3 79529858 0
3 81961706 0
3 83753794 0
3 85084968 0
3 85482108 0
3 88870256 0
3 89215810 0
3 91020136 0
3 91721442 0
3 92147968 0
3 92214802 0
3 92943960 0
3 93254614 0
3 95530912 0
3 100276410 0
3 100971270 0
3 103455158 0
3 105969072 0
3 106974054 0
3 107791336 0
3 108367904 0
3 109521296 0
3 110574830 0
3 110766044 0
3 111311954 0
3 111733928 0
3 112774026 0
3 114431660 0
3 115663798 0
3 117018168 0
3 117737488 0
3 118388184 0
3 118702630 0
3 120598124 0
3 123554236 0
3 123834572 0
3 125778698 0
3 126651812 0
3 130233984 0
3 132768056 0
3 133587272 0
3 134480984 0
3 140891996 0
3 143906840 0
3 146173770 0
3 146345792 0
3 146856960 0
3 148446954 0
3 149768478 0
3 150479972 0
3 153350228 0
3 153861772 0
3 155344074 0
3 155871940 0
3 156919236 0
3 158172232 0
3 158483212 0
3 159514808 0
3 161200362 0
3 161249182 0
3 161555978 0
3 162494378 0
3 162961910 0
3 163281510 0
3 167814720 0
3 168302940 0
3 168393600 0
3 168924700 0
3 168969452 0
3 170198578 0
3 172765318 0
3 172840184 0
3 174275086 0
3 175430950 0
3 175469556 0
3 179087840 0
3 181999250 0
3 182973488 0
3 183170982 0
3 183675468 0
3 183683440 0
3 183822758 0
3 184226218 0
3 185487208 0
3 186174442 0
3 188602208 0
3 190274126 0
3 193816850 0
3 194753556 0
3 196530514 0
4 1310234 0
4 1482680 0
4 3797958 0
4 5693356 0
4 8139158 0
4 10122246 0
4 13192732 0
4 13749914 0
4 14494652 0
4 15303672 0
4 15346320 0
4 16887402 0
4 16973972 0
4 18076878 0
4 18440970 0
4 18987522 0
4 19600838 0
4 20183370 0
4 20774616 0
4 20988876 0
4 22586040 0
4 22943270 0
4 23891672 0
4 23975946 0
4 24420856 0
4 24805536 0
4 25066698 0
4 25353176 0
4 25783218 0
4 27673226 0
4 30068672 0
4 30127224 0
4 32182480 0
4 32488290 0
4 35691658 0
4 37096852 0
4 37922076 0
4 38087200 0
4 42051324 0
4 44068006 0
4 44973844 0
4 46413702 0
4 47036810 0
4 47239516 0
4 48145182 0
4 48577672 0
4 50293380 0
4 50372730 0
4 50497304 0
4 55291020 0
4 55608712 0
4 58916898 0
4 60253576 0
4 61719792 0
4 63195606 0
4 64774418 0
4 65353118 0
4 69033860 0
4 71570602 0
4 72105548 0
4 73428786 0
4 76696260 0
4 77701400 0
4 82401294 0
4 83877092 0
4 85424018 0
4 86664102 0
4 86977394 0
4 87778128 0
4 87804410 0
4 87966870 0
4 89707326 0
4 95515286 0
4 102936240 0
4 103190996 0
4 103806566 0
4 104066592 0
4 104596566 0
4 112293990 0
4 115925834 0
4 117936142 0
4 118358038 0
4 121795678 0
4 122256594 0
4 124753806 0
4 125413130 0
4 125821332 0
4 126237442 0
4 127639328 0
4 127952326 0
4 132384212 0
4 132699052 0
4 134058128 0
4 136513718 0
4 138508576 0
4 139148064 0
4 141870328 0
4 145190002 0
4 145595554 0
4 145633788 0
4 147208956 0
4 147620680 0
4 150062306 0
4 153016068 0
4 158169190 0
4 159262190 0
4 160558556 0
4 165008444 0
4 165146390 0
4 165644854 0
4 167914862 0
4 170896960 0
4 173961112 0
4 174521336 0
4 174849638 0
4 176594298 0
4 177372448 0
4 180220348 0
4 180615454 0
4 181164886 0
4 181473490 0
4 182206346 0
4 182447406 0
4 182743878 0
4 183575526 0
4 184408888 0
4 186335014 0
4 186401158 0
4 187984328 0
4 189010000 0
4 189258504 0
5 883184 0
5 1488308 0
5 5666310 0
5 6808432 0
5 7772006 0
5 8866234 0
5 9599202 0
5 10619844 0
5 11215980 0
5 11406290 0
5 12181864 0
5 13180716 0
5 14088286 0
5 25745862 0
5 27128086 0
5 28155974 0
5 30510444 0
5 30734142 0
5 31173606 0
5 31402848 0
5 32865416 0
5 34026068 0
5 38116692 0
5 38435262 0
5 38713482 0
5 39245418 0
5 40384510 0
5 40531384 0
5 41067288 0
5 43417414 0
5 44278618 0
5 48511500 0
5 51578322 0
5 52715256 0
5 53292606 0
5 53302452 0
5 54580144 0
5 54580232 0
5 55126908 0
5 55576798 0
5 56719240 0
5 57735472 0
5 60927320 0
5 61638080 0
5 63414824 0
5 63804664 0
5 63811122 0
5 64250988 0
5 67494034 0
5 69559044 0
5 70697264 0
5 72633006 0
5 72726052 0
5 77296758 0
5 77838380 0
5 82966942 0
5 83038786 0
5 86180662 0
5 88106378 0
5 88910812 0
5 90480806 0
5 91656566 0
5 96439968 0
5 96895314 0
5 99354204 0
5 100422102 0
5 102188138 0
5 102460824 0
5 104571212 0
5 105370462 0
5 108574846 0
5 109294858 0
5 111241378 0
5 112098512 0
5 113133032 0
5 113515626 0
5 113836254 0
5 118826096 0
5 119601652 0
5 120117938 0
5 123848850 0
5 128743278 0
5 133079008 0
5 141162036 0
5 141721276 0
5 142516484 0
5 142574802 0
5 143059854 0
5 143160686 0
5 143252374 0
5 146181904 0
5 147721948 0
5 148044748 0
5 149652578 0
5 150846450 0
5 152070762 0
5 153464836 0
5 154118178 0
5 157795540 0
5 160914340 0
5 161177804 0
5 161314766 0
5 161395150 0
5 161478470 0
5 161513338 0
5 162314160 0
5 163044350 0
5 163138132 0
5 164339508 0
5 165405392 0
5 167648220 0
5 169286182 0
5 173498010 0
5 174781938 0
5 175017812 0
5 175449926 0
5 175613020 0
6 1318346 0
6 3525568 0
6 4136318 0
6 4349678 0
6 4836748 0
6 6391480 0
6 6632742 0
6 7046570 0
6 7953844 0
6 8019424 0
6 10110440 0
6 10883318 0
6 11434060 0
6 11579714 0
6 12539602 0
6 14873194 0
6 15885084 0
6 21403692 0
6 22730940 0
6 31347282 0
6 31608280 0
6 32371754 0
6 34998028 0
6 35468370 0
6 37175008 0
6 37419890 0
6 37453770 0
6 38068180 0
6 42018248 0
6 44336504 0
6 45742086 0
6 51336488 0
6 51827440 0
6 52057020 0
6 53755756 0
6 57747678 0
6 60011790 0
6 62176044 0
6 65585190 0
6 66771590 0
6 68824878 0
6 69268290 0
6 70128264 0
6 71868070 0
6 73707926 0
6 73822792 0
6 73894576 0
6 74516362 0
6 74710300 0
6 75842362 0
6 80789548 0
6 84426274 0
6 86209404 0
6 86649638 0
6 87897984 0
6 89806778 0
6 90639916 0
6 91906096 0
6 92148070 0
6 93957054 0
6 94622918 0
6 97410138 0
6 97743846 0
6 98249036 0
6 102006660 0
6 103306428 0
6 105582974 0
6 107384310 0
6 107910616 0
6 108110884 0
6 109067616 0
6 109704544 0
6 110638684 0
6 111895524 0
6 113357272 0
6 113613260 0
6 114436282 0
6 119950898 0
6 121353160 0
6 121810004 0
6 122009756 0
6 122219314 0
6 122878562 0
6 125535592 0
6 127986094 0
6 129776822 0
6 130706502 0
6 130820710 0
6 130984598 0
6 131313332 0
6 132403766 0
6 134839254 0
6 134919266 0
6 135279638 0
6 137167004 0
6 137678302 0
6 138553778 0
6 139068628 0
6 142188934 0
6 142313928 0
6 144184414 0
6 144984744 0
6 148817674 0
6 151980596 0
6 153120234 0
6 153937710 0
6 154461338 0
6 155069356 0
6 155165186 0
6 155737502 0
6 157056560 0
6 157855478 0
6 159275254 0
6 160478736 0
6 161429642 0
6 163387054 0
6 164263286 0
6 166825624 0
6 167999102 0
6 170381362 0
6 170787358 0
7 224184 0
7 330238 0
7 749822 0
7 2691272 0
7 4775898 0
7 7478834 0
7 9756440 0
7 12365444 0
7 12652856 0
7 15006390 0
7 15692062 0
7 17501814 0
7 18207846 0
7 18316154 0
7 18632564 0
7 19160680 0
7 20085722 0
7 20243578 0
7 24898482 0
7 24929698 0
7 27559386 0
7 28643984 0
7 30927776 0
7 31021854 0
7 31233960 0
7 32697168 0
7 33153032 0
7 33950552 0
7 35440776 0
7 36004614 0
7 36083578 0
7 36275120 0
7 37365296 0
7 37445722 0
7 39144528 0
7 41046976 0
7 42086906 0
7 43806968 0
7 44264450 0
7 47067828 0
7 50817916 0
7 51637264 0
7 52844532 0
7 56273018 0
7 60980426 0
7 61661858 0
7 62488202 0
7 63428258 0
7 69035868 0
7 71546060 0
7 72385476 0
7 76329224 0
7 77103650 0
7 77945138 0
7 82226040 0
7 84364268 0
7 84447210 0
7 86415128 0
7 90365802 0
7 90717082 0
7 90900206 0
7 92470602 0
7 98635348 0
7 102182604 0
7 103835440 0
7 105316898 0
7 105407536 0
7 106238330 0
7 106924308 0
7 108209840 0
7 108895104 0
7 111310446 0
7 111572556 0
7 112818310 0
7 115423898 0
7 115605306 0
7 116295444 0
7 116780098 0
7 117306470 0
7 120953080 0
7 124321230 0
7 124468162 0
7 128376974 0
7 129009876 0
7 129876282 0
7 131141224 0
7 131580676 0
7 133934486 0
7 139294486 0
7 140149246 0
7 142012280 0
7 143155192 0
7 144285788 0
7 146772516 0
7 148228092 0
7 154511580 0
7 155370252 0
7 155394702 0
7 156390298 0
8 1103852 0
8 1454418 0
8 3250026 0
8 3836212 0
8 4836088 0
8 7129692 0
8 8262236 0
8 8412254 0
8 9137686 0
8 11168512 0
8 11883132 0
8 13249632 0
8 14616572 0
8 16496498 0
8 18465006 0
8 25390328 0
8 25455500 0
8 27814368 0
8 27903858 0
8 28576690 0
8 30682974 0
8 31159316 0
8 32711726 0
8 34524896 0
8 35096504 0
8 35169540 0
8 35318888 0
8 37436528 0
8 42324988 0
8 42588690 0
8 44409722 0
8 44780884 0
8 45475886 0
8 45712492 0
8 46283834 0
8 46508534 0
8 49989976 0
8 50853174 0
8 51761276 0
8 52287028 0
8 55975950 0
8 56428248 0
8 60849544 0
8 71158236 0
8 71856742 0
8 73577122 0
8 74797418 0
8 76082832 0
8 76765110 0
8 77587094 0
8 78043608 0
8 78434808 0
8 79822162 0
8 82048324 0
8 84341216 0
8 86745806 0
8 88669554 0
8 89505920 0
8 91091178 0
8 91598670 0
8 92176426 0
8 93044750 0
8 93762778 0
8 93880340 0
8 94505664 0
8 96049086 0
8 96100456 0
8 97349444 0
8 98439076 0
8 98688490 0
8 101099394 0
8 103840018 0
8 106960972 0
8 110395186 0
8 111981906 0
8 115342234 0
8 116558616 0
8 117596662 0
8 119446792 0
8 120131536 0
8 120951316 0
8 124403984 0
8 126250098 0
8 126346882 0
8 126775096 0
8 127605168 0
8 131155278 0
8 131641664 0
8 132829660 0
8 136511968 0
8 136539250 0
8 136628906 0
8 141025612 0
8 141570582 0
8 143385872 0
8 143701216 0
8 144483116 0
9 178904 0
9 275242 0
9 335738 0
9 2032498 0
9 2642886 0
9 3526344 0
9 6310486 0
9 6622050 0
9 8169296 0
9 12971860 0
9 14378076 0
9 16125164 0
9 21006988 0
9 22533028 0
9 23767238 0
9 26217210 0
9 26598378 0
9 26769822 0
9 27134558 0
9 30488090 0
9 36782738 0
9 36859406 0
9 37656242 0
9 39458238 0
9 39721548 0
9 40802988 0
9 41240016 0
9 42367066 0
9 49000494 0
9 49081314 0
9 49606270 0
9 50604190 0
9 50655598 0
9 52348450 0
9 52894484 0
9 53311148 0
9 54210188 0
9 55858400 0
9 56226982 0
9 56476020 0
9 56583342 0
9 56999290 0
9 57254610 0
9 58317436 0
9 58784880 0
9 61325946 0
9 63036928 0
9 63659284 0
9 63989520 0
9 64330698 0
9 65805146 0
9 66748802 0
9 67108556 0
9 67672178 0
9 68613628 0
9 70015894 0
9 70829226 0
9 73257650 0
9 74695604 0
9 75436540 0
9 77239292 0
9 79958788 0
9 81504626 0
9 83371170 0
9 87292860 0
9 87617394 0
9 89248416 0
9 90482092 0
9 91267902 0
9 92231926 0
9 93050460 0
9 94639562 0
9 94843168 0
9 98940618 0
9 100139058 0
9 102513992 0
9 102824060 0
9 106176346 0
9 106505544 0
9 107673626 0
9 108151368 0
9 109421606 0
9 114629548 0
9 123620486 0
9 124739270 0
9 125640110 0
9 125667010 0
9 127135788 0
9 127619166 0
9 129214102 0
9 131664060 0
9 132194756 0
9 132779674 0
9 133531360 0
9 135851470 0
9 137083632 0
9 139562392 0
9 140704000 0
10 326498 0
10 1647194 0
10 3641328 0
10 4077066 0
10 5238610 0
10 5384418 0
10 7241388 0
10 8322674 0
10 10233552 0
10 12086026 0
10 12221430 0
10 12443406 0
10 15630072 0
10 15825040 0
10 16649540 0
10 16822076 0
10 20574440 0
10 21312724 0
10 24234676 0
10 24237360 0
10 26380518 0
10 27858752 0
10 28966370 0
10 29637784 0
10 29759508 0
10 30086952 0
10 32324510 0
10 33281872 0
10 35860476 0
10 38036024 0
10 39284500 0
10 39837270 0
10 41120556 0
10 41998186 0
10 45416958 0
10 46891740 0
10 47619958 0
10 48205300 0
10 51341196 0
10 51680100 0
10 52139268 0
10 53223330 0
10 53422224 0
10 54463986 0
10 54669428 0
10 55549586 0
10 56670776 0
10 57906480 0
10 61093902 0
10 61464896 0
10 62237462 0
10 63320956 0
10 66151756 0
10 67013054 0
10 69404290 0
10 71671614 0
10 72091564 0
10 76791490 0
10 77806014 0
10 78167128 0
10 79540718 0
10 79947204 0
10 80606568 0
10 82081048 0
10 83665148 0
10 86016870 0
10 87823272 0
10 88048464 0
10 91373368 0
10 97074424 0
10 97309634 0
10 97405904 0
10 98787316 0
10 99664108 0
10 100057598 0
10 101870044 0
10 102503434 0
10 102831106 0
10 102972102 0
10 103917918 0
10 104143564 0
10 105547860 0
10 106241646 0
10 108513520 0
10 108834960 0
10 110569132 0
10 111909116 0
10 112049358 0
10 113064784 0
10 113670048 0
10 114193972 0
10 114737942 0
10 119519156 0
10 121078098 0
10 121867768 0
10 122978556 0
10 126833868 0
10 126914292 0
10 130252390 0
10 130367422 0
10 131046224 0
10 131516834 0
10 131691574 0
10 133157124 0
10 133880400 0
10 134393572 0
10 134897576 0
11 4940084 0
11 8366836 0
11 9741698 0
11 10873646 0
11 11394376 0
11 12204608 0
11 12737996 0
11 14888922 0
11 15744914 0
11 16842468 0
11 18743244 0
11 18790432 0
11 18957314 0
11 19919476 0
11 21337864 0
11 21357476 0
11 24284592 0
11 24772890 0
11 25004408 0
11 25465806 0
11 28331732 0
11 29481426 0
11 30013232 0
11 30377948 0
11 31165276 0
11 31452878 0
11 31577056 0
11 32040982 0
11 33008186 0
11 34165202 0
11 35970586 0
11 38016028 0
11 40742016 0
11 40894602 0
11 41032260 0
11 42010948 0
11 45614254 0
11 46903708 0
11 49933560 0
11 54175978 0
11 54676114 0
11 56326086 0
11 57466996 0
11 60940090 0
11 63986716 0
11 67574904 0
11 72841254 0
11 73715596 0
11 74350736 0
11 78384296 0
11 78399888 0
11 81803752 0
11 82169220 0
11 82612420 0
11 82704662 0
11 83388014 0
11 83514900 0
11 85122608 0
11 85741524 0
11 87266094 0
11 88132106 0
11 88281792 0
11 89771798 0
11 91177258 0
11 91184772 0
11 92065136 0
11 92618930 0
11 93143916 0
11 94818162 0
11 98864890 0
11 98992722 0
11 99713518 0
11 100120394 0
11 102084370 0
11 103853004 0
11 103859968 0
11 104011664 0
11 106176556 0
11 107693994 0
11 108005932 0
11 109628130 0
11 110722196 0
11 111201208 0
11 113290578 0
11 115212912 0
11 115801790 0
11 115836508 0
11 120535046 0
11 123894606 0
11 126093662 0
11 128590564 0
11 129328384 0
11 130594646 0
11 130607538 0
11 130780408 0
11 131920100 0
11 133014638 0
11 133230858 0
12 2036740 0
12 2655740 0
12 3723080 0
12 4060394 0
12 7213996 0
12 9399104 0
12 12784940 0
12 13059660 0
12 14966218 0
12 16566096 0
12 16746874 0
12 16918622 0
12 23390832 0
12 23438194 0
12 24083134 0
12 24583990 0
12 26190002 0
12 28193420 0
12 28492886 0
12 31401678 0
12 34880440 0
12 35251562 0
12 35683380 0
12 36226668 0
12 36560802 0
12 37339676 0
12 37415236 0
12 37739648 0
12 39118262 0
12 41619664 0
12 41732152 0
12 41873384 0
12 49364984 0
12 49931384 0
12 51190948 0
12 52843426 0
12 57053096 0
12 57179266 0
12 59881260 0
12 62647822 0
12 66800758 0
12 72500046 0
12 79231806 0
12 79300752 0
12 86388862 0
12 86409136 0
12 86538878 0
12 87747638 0
12 101113430 0
12 104763198 0
12 105134106 0
12 106899836 0
12 107885042 0
12 108956334 0
12 109212896 0
12 109901494 0
12 110182328 0
12 113754846 0
12 114055254 0
12 114880116 0
12 118598644 0
12 118783716 0
12 120632688 0
12 121566156 0
12 123519824 0
12 125625836 0
12 128318880 0
12 129891694 0
12 130070068 0
12 133263584 0
13 91306 0
13 226918 0
13 2130586 0
13 2568956 0
13 3474490 0
13 3652586 0
13 3676086 0
13 3931812 0
13 4011834 0
13 4250316 0
13 4668860 0
13 5506638 0
13 6400578 0
13 7649546 0
13 7914400 0
13 9383242 0
13 9553108 0
13 9617188 0
13 9706274 0
13 10129476 0
13 10148460 0
13 11953608 0
13 13179760 0
13 14102506 0
13 14511296 0
13 15208780 0
13 16489982 0
13 16544982 0
13 17652340 0
13 17818568 0
13 17839018 0
13 17992324 0
13 18377370 0
13 20088136 0
13 22475646 0
13 24390780 0
13 28923860 0
13 30310152 0
13 31493374 0
13 32624272 0
13 36518988 0
13 39679884 0
13 43839924 0
13 47350826 0
13 48698332 0
13 49134890 0
13 51490926 0
13 54056966 0
13 54469010 0
13 54825358 0
13 55855532 0
13 57764342 0
13 58692464 0
13 59110124 0
13 59305668 0
13 60796182 0
13 60844600 0
13 62110164 0
13 62574462 0
13 63202104 0
13 64363636 0
13 64816672 0
13 67344560 0
13 67801554 0
13 69155498 0
13 72854032 0
13 72871636 0
13 73174898 0
13 73737826 0
13 73753862 0
13 74328620 0
13 75146486 0
13 75719412 0
13 81872770 0
13 82797940 0
13 84369466 0
13 85941224 0
13 86218974 0
13 86712510 0
13 88265970 0
13 88266236 0
13 93840924 0
13 93847496 0
13 94677240 0
13 94786234 0
13 95448536 0
13 95530030 0
13 95534540 0
13 95718566 0
13 97001796 0
13 97792444 0
13 99145974 0
13 99193690 0
13 100319026 0
13 100340248 0
13 100945516 0
13 101138494 0
13 101858662 0
13 102503912 0
13 102541636 0
13 103398054 0
13 105289230 0
13 105431544 0
13 108342188 0
13 108591310 0
13 108629416 0
13 109611804 0
13 110803592 0
13 111015442 0
13 112963152 0
13 114621416 0
14 1450850 0
14 1762784 0
14 1826782 0
14 2044562 0
14 4543988 0
14 4697460 0
14 5198142 0
14 5439930 0
14 6691136 0
14 8131450 0
14 8248220 0
14 8935490 0
14 9187108 0
14 9562800 0
14 11314702 0
14 12600522 0
14 14277610 0
14 15844654 0
14 16179458 0
14 17908364 0
14 18306468 0
14 21944728 0
14 23319844 0
14 26235294 0
14 26829628 0
14 27467034 0
14 28114706 0
14 29226794 0
14 30384248 0
14 30714034 0
14 32518010 0
14 32555094 0
14 33148746 0
14 33362716 0
14 34024604 0
14 37718758 0
14 42677528 0
14 43852376 0
14 44506362 0
14 45776712 0
14 46174704 0
14 47505986 0
14 48844990 0
14 48859724 0
14 49780524 0
14 53302056 0
14 55133628 0
14 56512582 0
14 57356158 0
14 58055354 0
14 58411274 0
14 59894482 0
14 61549060 0
14 62163284 0
14 63268070 0
14 64548082 0
14 69502804 0
14 73889140 0
14 74492374 0
14 75389726 0
14 76183120 0
14 77519152 0
14 78602224 0
14 80145082 0
14 80152004 0
14 81764542 0
14 83651656 0
14 84033274 0
14 85144884 0
14 85471738 0
14 85760426 0
14 88476542 0
14 89462898 0
14 92432574 0
14 95175056 0
14 97491472 0
14 101600432 0
14 104506506 0
14 105190734 0
14 105914042 0
14 106587008 0
15 2471636 0
15 2760224 0
15 5071030 0
15 5101164 0
15 6148420 0
15 6877194 0
15 7850414 0
15 10288272 0
15 10917994 0
15 11841254 0
15 11972454 0
15 13222166 0
15 13464606 0
15 14737452 0
15 15079318 0
15 15363526 0
15 16495860 0
15 16499734 0
15 16584528 0
15 16767310 0
15 17569934 0
15 18017108 0
15 18731296 0
15 19644954 0
15 19863038 0
15 20393148 0
15 22241068 0
15 23864014 0
15 25648136 0
15 26951798 0
15 27050952 0
15 27229526 0
15 28713734 0
15 31651014 0
15 32976904 0
15 33058574 0
15 34352446 0
15 37739770 0
15 39147494 0
15 39802040 0
15 39883464 0
15 40659518 0
15 43678310 0
15 46509736 0
15 48304440 0
15 48787742 0
15 49593950 0
15 52707322 0
15 53692996 0
15 53715740 0
15 54025070 0
15 54059696 0
15 54069494 0
15 54423296 0
15 58046714 0
15 58542278 0
15 58593562 0
15 61045284 0
15 62885054 0
15 63135768 0
15 64808904 0
15 65150724 0
15 66880736 0
15 68103808 0
15 69206886 0
15 72190598 0
15 72652254 0
15 73290136 0
15 73860670 0
15 79809774 0
15 81514642 0
15 82494254 0
15 83069870 0
15 86570154 0
15 90244172 0
15 96044614 0
15 96322766 0
15 96611258 0
15 100942022 0
15 102202116 0
16 784502 0
16 1432464 0
16 2664286 0
16 2751022 0
16 3032468 0
16 5047618 0
16 5240700 0
16 7802848 0
16 9592006 0
16 15457898 0
16 15745626 0
16 15941626 0
16 19608816 0
16 28436692 0
16 31476232 0
16 31827674 0
16 33038864 0
16 33843560 0
16 34078048 0
16 35412512 0
16 36637214 0
16 36821484 0
16 37660922 0
16 41390780 0
16 41421432 0
16 42167630 0
16 42945122 0
16 43403528 0
16 43560304 0
16 44873922 0
16 45251094 0
16 45314322 0
16 45592510 0
16 46369768 0
16 48676288 0
16 51903178 0
16 54021012 0
16 54576446 0
16 56670646 0
16 57859232 0
16 59138624 0
16 63284636 0
16 66978860 0
16 69238986 0
16 69901708 0
16 70894860 0
16 71920458 0
16 71951112 0
16 72107322 0
16 73830234 0
16 76067304 0
16 76443138 0
16 79348638 0
16 80013242 0
16 82932392 0
16 84058640 0
16 84755028 0
16 85916454 0
16 86232922 0
16 86565868 0
16 86665362 0
16 87932138 0
16 88925300 0
16 90044020 0
17 148910 0
17 1778338 0
17 5208772 0
17 6278438 0
17 8280022 0
17 8428340 0
17 10320858 0
17 10885594 0
17 11155600 0
17 14602536 0
17 15120976 0
17 15814776 0
17 17600084 0
17 17677062 0
17 18395320 0
17 20326788 0
17 21188856 0
17 23414428 0
17 24392786 0
17 26620540 0
17 30795660 0
17 30877474 0
17 31302588 0
17 31841868 0
17 33306834 0
17 33739204 0
17 33768652 0
17 36058846 0
17 37789590 0
17 38324482 0
17 39137390 0
17 39370126 0
17 44750600 0
17 46286796 0
17 46619298 0
17 47564764 0
17 50155370 0
17 50956488 0
17 54207890 0
17 54574944 0
17 54972162 0
17 55320274 0
17 57834094 0
17 60345168 0
17 62116418 0
17 62422774 0
17 62961380 0
17 63596544 0
17 63964406 0
17 64671826 0
17 64793580 0
17 65010252 0
17 65667474 0
17 67248002 0
17 68635470 0
17 69345968 0
17 70789244 0
17 72978992 0
17 74133214 0
17 74395840 0
17 78201786 0
17 78212534 0
17 78832568 0
17 78852668 0
17 79973522 0
18 5872596 0
18 6057656 0
18 7813398 0
18 11523924 0
18 12687372 0
18 12840712 0
18 13266620 0
18 13932694 0
18 15079248 0
18 15634248 0
18 15944562 0
18 16200288 0
18 16227022 0
18 16902998 0
18 18498582 0
18 19779170 0
18 20674748 0
18 21474306 0
18 21630964 0
18 22969908 0
18 23044172 0
18 24405464 0
18 25218112 0
18 25569166 0
18 29298444 0
18 29661368 0
18 30989706 0
18 32222100 0
18 33119002 0
18 34060066 0
18 34308948 0
18 34424848 0
18 34895210 0
18 36389134 0
18 36914196 0
18 37387932 0
18 38967334 0
18 39238100 0
18 42554890 0
18 42930296 0
18 44432328 0
18 47812830 0
18 48251294 0
18 48702884 0
18 50362056 0
18 52902598 0
18 53063852 0
18 53222754 0
18 53525784 0
18 53636100 0
18 53967874 0
18 55109768 0
18 55274928 0
18 55863472 0
18 59000930 0
18 59059640 0
18 60689990 0
18 62485744 0
18 64847374 0
18 68371928 0
18 70781292 0
18 71648110 0
18 71742214 0
18 73410018 0
18 74306054 0
18 76475088 0
18 78020988 0
19 1481584 0
19 1790002 0
19 3030428 0
19 3857786 0
19 4209794 0
19 5259574 0
19 6078664 0
19 9246376 0
19 10676952 0
19 14104858 0
19 14716502 0
19 15166710 0
19 15291388 0
19 16916528 0
19 20559530 0
19 23513258 0
19 25540054 0
19 26194588 0
19 27001222 0
19 29512240 0
19 31144848 0
19 32675820 0
19 34515366 0
19 36572354 0
19 37553274 0
19 42433522 0
19 44806512 0
19 55889790 0
19 55972342 0
19 57409494 0
20 684204 0
20 2723904 0
20 6156486 0
20 6601564 0
20 9421752 0
20 12183120 0
20 15266338 0
20 15383932 0
20 16252992 0
20 17171852 0
20 17196022 0
20 19540726 0
20 20947352 0
20 21168268 0
20 21687508 0
20 21848194 0
20 24991576 0
20 26554630 0
20 27015850 0
20 28221258 0
20 28399974 0
20 29069502 0
20 31443854 0
20 34466664 0
20 35422670 0
20 36768058 0
20 36940906 0
20 38940564 0
20 41392476 0
20 42532002 0
20 43803722 0
20 44172162 0
20 44809352 0
20 45020436 0
20 45052590 0
20 45846600 0
20 45886174 0
20 47051216 0
20 48263368 0
20 55445206 0
20 56319172 0
20 58928392 0
20 61976484 0
20 62697408 0
21 20354 0
21 765546 0
21 1393158 0
21 1834828 0
21 2166486 0
21 3351230 0
21 4565986 0
21 4897988 0
21 5042072 0
21 5917146 0
21 6493188 0
21 7312370 0
21 8256304 0
21 10320582 0
21 11547086 0
21 11580652 0
21 12604472 0
21 14795886 0
21 14885670 0
21 15726400 0
21 16726368 0
21 17267634 0
21 17658530 0
21 19793044 0
21 19841548 0
21 20647904 0
21 22002604 0
21 24594564 0
21 24868530 0
21 27359344 0
21 30031828 0
21 31881256 0
21 32990490 0
21 38559836 0
21 39910652 0
21 39956820 0
21 40830900 0
21 45288988 0
21 46998940 0
22 61092 0
22 1692574 0
22 1827032 0
22 2040602 0
22 2887410 0
22 2958522 0
22 3051942 0
22 3252764 0
22 3634542 0
22 3726150 0
22 3983308 0
22 4119522 0
22 6506870 0
22 8328720 0
22 9865660 0
22 9981838 0
22 9994316 0
22 13639358 0
22 13907974 0
22 14023074 0
22 14285922 0
22 14443544 0
22 14552322 0
22 18392422 0
22 19055402 0
22 20578368 0
22 21226288 0
22 22584446 0
22 22684652 0
22 26277192 0
22 28658226 0
22 29399064 0
22 33457668 0
22 33776620 0
22 34043736 0
22 35251798 0
22 40557946 0
22 42714140 0
22 43948632 0
22 46370580 0
22 46857004 0
22 47778538 0
22 49417612 0
22 50394024 0
22 51009178 0
23 2111294 0
23 6289850 0
23 7134012 0
23 7283298 0
23 10602192 0
23 10965556 0
23 14538484 0
23 14779948 0
23 15251894 0
23 16196480 0
23 16503008 0
23 19430338 0
23 20137808 0
23 23034498 0
23 23413660 0
23 26178174 0
23 27955748 0
23 29077426 0
23 29449832 0
23 29670774 0
23 31515562 0
23 32727480 0
23 33430538 0
23 34120622 0
23 34650044 0
23 36050434 0
23 36669886 0
23 37664314 0
23 37801048 0
23 38493538 0
23 38503332 0
23 40494278 0
23 41208876 0
23 43092238 0
23 43877306 0
23 43973394 0
23 44572522 0
23 45427100 0
23 52364744 0
23 56143350 0
23 58664758 0
23 59388404 0
23 59453960 0
23 60048370 0
23 66629918 0
23 68280436 0
23 68303222 0
23 70890370 0
23 74724428 0
23 76680506 0
23 82769798 0
23 83901184 0
23 88301122 0
23 90374620 0
23 90779920 0
23 91107550 0
23 97169790 0
23 98563688 0
23 99750266 0
23 100169078 0
23 101982584 0
23 103865810 0
23 104179604 0
23 107134934 0
23 110329040 0
23 110643790 0
23 111763936 0
23 113531912 0
23 114499750 0
23 115274154 0
23 115573872 0
23 116482710 0
23 120008706 0
23 120377634 0
23 122369670 0
23 123202974 0
23 123847430 0
23 126171862 0
23 127983932 0
23 128019178 0
23 129138800 0
23 131557000 0
23 132859826 0
23 133105026 0
23 133130278 0
23 135763360 0
23 138713478 0
23 138734038 0
23 138795338 0
23 142661012 0
23 147983414 0
23 148738052 0
23 150115120 0
23 154308658 0
